location,origin_date,horizon,target_end_date,value,output_type_id,target,output_type
HHS Region 1,2017-02-18,1,2017-02-25,2.2552840335407116,0.01,ili perc,quantile
HHS Region 1,2017-02-18,1,2017-02-25,2.4170613547765596,0.025,ili perc,quantile
HHS Region 1,2017-02-18,1,2017-02-25,2.479261542124914,0.05,ili perc,quantile
HHS Region 1,2017-02-18,1,2017-02-25,2.575617840021038,0.1,ili perc,quantile
HHS Region 1,2017-02-18,1,2017-02-25,2.637212031498096,0.15,ili perc,quantile
HHS Region 1,2017-02-18,1,2017-02-25,2.6569804642960273,0.2,ili perc,quantile
HHS Region 1,2017-02-18,1,2017-02-25,2.722377655060413,0.25,ili perc,quantile
HHS Region 1,2017-02-18,1,2017-02-25,2.760258021296726,0.3,ili perc,quantile
HHS Region 1,2017-02-18,1,2017-02-25,2.8019471289935067,0.35,ili perc,quantile
HHS Region 1,2017-02-18,1,2017-02-25,2.8600900207715467,0.4,ili perc,quantile
HHS Region 1,2017-02-18,1,2017-02-25,2.8861029958869224,0.45,ili perc,quantile
HHS Region 1,2017-02-18,1,2017-02-25,2.9202448892494743,0.5,ili perc,quantile
HHS Region 1,2017-02-18,1,2017-02-25,2.9651413385208367,0.55,ili perc,quantile
HHS Region 1,2017-02-18,1,2017-02-25,3.0086832365112715,0.6,ili perc,quantile
HHS Region 1,2017-02-18,1,2017-02-25,3.056766081636755,0.65,ili perc,quantile
HHS Region 1,2017-02-18,1,2017-02-25,3.087990699030186,0.7,ili perc,quantile
HHS Region 1,2017-02-18,1,2017-02-25,3.1524330609347344,0.75,ili perc,quantile
HHS Region 1,2017-02-18,1,2017-02-25,3.2525622053263428,0.8,ili perc,quantile
HHS Region 1,2017-02-18,1,2017-02-25,3.2887266973245524,0.85,ili perc,quantile
HHS Region 1,2017-02-18,1,2017-02-25,3.3378378575525924,0.9,ili perc,quantile
HHS Region 1,2017-02-18,1,2017-02-25,3.5527153028850655,0.95,ili perc,quantile
HHS Region 1,2017-02-18,1,2017-02-25,3.7903153997989083,0.975,ili perc,quantile
HHS Region 1,2017-02-18,1,2017-02-25,3.8306364515822247,0.99,ili perc,quantile
HHS Region 1,2017-02-18,2,2017-03-04,1.6465038953539903,0.01,ili perc,quantile
HHS Region 1,2017-02-18,2,2017-03-04,1.8412822466823906,0.025,ili perc,quantile
HHS Region 1,2017-02-18,2,2017-03-04,1.9687649531200226,0.05,ili perc,quantile
HHS Region 1,2017-02-18,2,2017-03-04,2.121977569735242,0.1,ili perc,quantile
HHS Region 1,2017-02-18,2,2017-03-04,2.2729117255097018,0.15,ili perc,quantile
HHS Region 1,2017-02-18,2,2017-03-04,2.313848526231159,0.2,ili perc,quantile
HHS Region 1,2017-02-18,2,2017-03-04,2.4144839767991124,0.25,ili perc,quantile
HHS Region 1,2017-02-18,2,2017-03-04,2.4992724258196484,0.3,ili perc,quantile
HHS Region 1,2017-02-18,2,2017-03-04,2.5723428712378884,0.35,ili perc,quantile
HHS Region 1,2017-02-18,2,2017-03-04,2.6310277764084984,0.4,ili perc,quantile
HHS Region 1,2017-02-18,2,2017-03-04,2.689837161832521,0.45,ili perc,quantile
HHS Region 1,2017-02-18,2,2017-03-04,2.756106848720475,0.5,ili perc,quantile
HHS Region 1,2017-02-18,2,2017-03-04,2.810443157801432,0.55,ili perc,quantile
HHS Region 1,2017-02-18,2,2017-03-04,2.8627170851363632,0.6,ili perc,quantile
HHS Region 1,2017-02-18,2,2017-03-04,2.9224084577849134,0.65,ili perc,quantile
HHS Region 1,2017-02-18,2,2017-03-04,3.0427749788810337,0.7,ili perc,quantile
HHS Region 1,2017-02-18,2,2017-03-04,3.062129529620872,0.75,ili perc,quantile
HHS Region 1,2017-02-18,2,2017-03-04,3.1288740480880484,0.8,ili perc,quantile
HHS Region 1,2017-02-18,2,2017-03-04,3.2451770368561674,0.85,ili perc,quantile
HHS Region 1,2017-02-18,2,2017-03-04,3.3951044354486557,0.9,ili perc,quantile
HHS Region 1,2017-02-18,2,2017-03-04,3.6253482222045936,0.95,ili perc,quantile
HHS Region 1,2017-02-18,2,2017-03-04,3.787587917064483,0.975,ili perc,quantile
HHS Region 1,2017-02-18,2,2017-03-04,4.089731582704436,0.99,ili perc,quantile
HHS Region 1,2017-02-18,3,2017-03-11,1.4700865044887201,0.01,ili perc,quantile
HHS Region 1,2017-02-18,3,2017-03-11,1.545337038732293,0.025,ili perc,quantile
HHS Region 1,2017-02-18,3,2017-03-11,1.6332478529684844,0.05,ili perc,quantile
HHS Region 1,2017-02-18,3,2017-03-11,1.8374499647813676,0.1,ili perc,quantile
HHS Region 1,2017-02-18,3,2017-03-11,1.945501911547493,0.15,ili perc,quantile
HHS Region 1,2017-02-18,3,2017-03-11,2.117026585673535,0.2,ili perc,quantile
HHS Region 1,2017-02-18,3,2017-03-11,2.265660845269321,0.25,ili perc,quantile
HHS Region 1,2017-02-18,3,2017-03-11,2.3184609652093227,0.3,ili perc,quantile
HHS Region 1,2017-02-18,3,2017-03-11,2.401716538162358,0.35,ili perc,quantile
HHS Region 1,2017-02-18,3,2017-03-11,2.44763872611637,0.4,ili perc,quantile
HHS Region 1,2017-02-18,3,2017-03-11,2.519317037250665,0.45,ili perc,quantile
HHS Region 1,2017-02-18,3,2017-03-11,2.633323432184634,0.5,ili perc,quantile
HHS Region 1,2017-02-18,3,2017-03-11,2.698433980418025,0.55,ili perc,quantile
HHS Region 1,2017-02-18,3,2017-03-11,2.7403900898415103,0.6,ili perc,quantile
HHS Region 1,2017-02-18,3,2017-03-11,2.7691522802669053,0.65,ili perc,quantile
HHS Region 1,2017-02-18,3,2017-03-11,2.8435015259663734,0.7,ili perc,quantile
HHS Region 1,2017-02-18,3,2017-03-11,2.9936781086855806,0.75,ili perc,quantile
HHS Region 1,2017-02-18,3,2017-03-11,3.037334315725405,0.8,ili perc,quantile
HHS Region 1,2017-02-18,3,2017-03-11,3.1422816432156684,0.85,ili perc,quantile
HHS Region 1,2017-02-18,3,2017-03-11,3.341907129607416,0.9,ili perc,quantile
HHS Region 1,2017-02-18,3,2017-03-11,3.5724264481207726,0.95,ili perc,quantile
HHS Region 1,2017-02-18,3,2017-03-11,3.7587202542646136,0.975,ili perc,quantile
HHS Region 1,2017-02-18,3,2017-03-11,4.007833905813809,0.99,ili perc,quantile
HHS Region 1,2017-02-18,4,2017-03-18,1.391585863793474,0.01,ili perc,quantile
HHS Region 1,2017-02-18,4,2017-03-18,1.4786816330809003,0.025,ili perc,quantile
HHS Region 1,2017-02-18,4,2017-03-18,1.5660123067726999,0.05,ili perc,quantile
HHS Region 1,2017-02-18,4,2017-03-18,1.6573920815502763,0.1,ili perc,quantile
HHS Region 1,2017-02-18,4,2017-03-18,1.7964345712293062,0.15,ili perc,quantile
HHS Region 1,2017-02-18,4,2017-03-18,1.9333900318873698,0.2,ili perc,quantile
HHS Region 1,2017-02-18,4,2017-03-18,2.032094604375844,0.25,ili perc,quantile
HHS Region 1,2017-02-18,4,2017-03-18,2.155298126599023,0.3,ili perc,quantile
HHS Region 1,2017-02-18,4,2017-03-18,2.277076199682124,0.35,ili perc,quantile
HHS Region 1,2017-02-18,4,2017-03-18,2.3679467420096185,0.4,ili perc,quantile
HHS Region 1,2017-02-18,4,2017-03-18,2.478768636474897,0.45,ili perc,quantile
HHS Region 1,2017-02-18,4,2017-03-18,2.5864254297168143,0.5,ili perc,quantile
HHS Region 1,2017-02-18,4,2017-03-18,2.6454936982301738,0.55,ili perc,quantile
HHS Region 1,2017-02-18,4,2017-03-18,2.7427797742348012,0.6,ili perc,quantile
HHS Region 1,2017-02-18,4,2017-03-18,2.8304537498413747,0.65,ili perc,quantile
HHS Region 1,2017-02-18,4,2017-03-18,2.9112466522341762,0.7,ili perc,quantile
HHS Region 1,2017-02-18,4,2017-03-18,2.9798901634957637,0.75,ili perc,quantile
HHS Region 1,2017-02-18,4,2017-03-18,3.116059288570384,0.8,ili perc,quantile
HHS Region 1,2017-02-18,4,2017-03-18,3.2345541996861042,0.85,ili perc,quantile
HHS Region 1,2017-02-18,4,2017-03-18,3.3780011580109646,0.9,ili perc,quantile
HHS Region 1,2017-02-18,4,2017-03-18,3.5929276421310226,0.95,ili perc,quantile
HHS Region 1,2017-02-18,4,2017-03-18,3.7521769944598455,0.975,ili perc,quantile
HHS Region 1,2017-02-18,4,2017-03-18,3.9549117582251845,0.99,ili perc,quantile
HHS Region 10,2017-02-18,1,2017-02-25,1.640830749247224,0.01,ili perc,quantile
HHS Region 10,2017-02-18,1,2017-02-25,1.6977921497618633,0.025,ili perc,quantile
HHS Region 10,2017-02-18,1,2017-02-25,1.73133540141237,0.05,ili perc,quantile
HHS Region 10,2017-02-18,1,2017-02-25,1.8804029751464186,0.1,ili perc,quantile
HHS Region 10,2017-02-18,1,2017-02-25,1.9329082398178867,0.15,ili perc,quantile
HHS Region 10,2017-02-18,1,2017-02-25,1.983980802289763,0.2,ili perc,quantile
HHS Region 10,2017-02-18,1,2017-02-25,2.1160243431797925,0.25,ili perc,quantile
HHS Region 10,2017-02-18,1,2017-02-25,2.1748656354076905,0.3,ili perc,quantile
HHS Region 10,2017-02-18,1,2017-02-25,2.2005839108167726,0.35,ili perc,quantile
HHS Region 10,2017-02-18,1,2017-02-25,2.2492078513429647,0.4,ili perc,quantile
HHS Region 10,2017-02-18,1,2017-02-25,2.3331902567869403,0.45,ili perc,quantile
HHS Region 10,2017-02-18,1,2017-02-25,2.4044916486203776,0.5,ili perc,quantile
HHS Region 10,2017-02-18,1,2017-02-25,2.4533388836854626,0.55,ili perc,quantile
HHS Region 10,2017-02-18,1,2017-02-25,2.4907959665998676,0.6,ili perc,quantile
HHS Region 10,2017-02-18,1,2017-02-25,2.5339355307471263,0.65,ili perc,quantile
HHS Region 10,2017-02-18,1,2017-02-25,2.6436247090413745,0.7,ili perc,quantile
HHS Region 10,2017-02-18,1,2017-02-25,2.694634268211013,0.75,ili perc,quantile
HHS Region 10,2017-02-18,1,2017-02-25,2.754465172871751,0.8,ili perc,quantile
HHS Region 10,2017-02-18,1,2017-02-25,2.819528454947487,0.85,ili perc,quantile
HHS Region 10,2017-02-18,1,2017-02-25,3.25851223042296,0.9,ili perc,quantile
HHS Region 10,2017-02-18,1,2017-02-25,3.4934785238197263,0.95,ili perc,quantile
HHS Region 10,2017-02-18,1,2017-02-25,3.9481551870640104,0.975,ili perc,quantile
HHS Region 10,2017-02-18,1,2017-02-25,4.512240581884722,0.99,ili perc,quantile
HHS Region 10,2017-02-18,2,2017-03-04,0.8951610700785944,0.01,ili perc,quantile
HHS Region 10,2017-02-18,2,2017-03-04,1.4788783271799708,0.025,ili perc,quantile
HHS Region 10,2017-02-18,2,2017-03-04,1.5983894612293568,0.05,ili perc,quantile
HHS Region 10,2017-02-18,2,2017-03-04,1.7048237714710273,0.1,ili perc,quantile
HHS Region 10,2017-02-18,2,2017-03-04,1.9062720772655113,0.15,ili perc,quantile
HHS Region 10,2017-02-18,2,2017-03-04,1.9720338668632793,0.2,ili perc,quantile
HHS Region 10,2017-02-18,2,2017-03-04,2.0538811858050137,0.25,ili perc,quantile
HHS Region 10,2017-02-18,2,2017-03-04,2.158708424322537,0.3,ili perc,quantile
HHS Region 10,2017-02-18,2,2017-03-04,2.320922604892899,0.35,ili perc,quantile
HHS Region 10,2017-02-18,2,2017-03-04,2.457419438683558,0.4,ili perc,quantile
HHS Region 10,2017-02-18,2,2017-03-04,2.5287244047238233,0.45,ili perc,quantile
HHS Region 10,2017-02-18,2,2017-03-04,2.567723905168443,0.5,ili perc,quantile
HHS Region 10,2017-02-18,2,2017-03-04,2.6619390369099154,0.55,ili perc,quantile
HHS Region 10,2017-02-18,2,2017-03-04,2.715295610608009,0.6,ili perc,quantile
HHS Region 10,2017-02-18,2,2017-03-04,2.8781617836935043,0.65,ili perc,quantile
HHS Region 10,2017-02-18,2,2017-03-04,2.9593278973687998,0.7,ili perc,quantile
HHS Region 10,2017-02-18,2,2017-03-04,3.0874730141781632,0.75,ili perc,quantile
HHS Region 10,2017-02-18,2,2017-03-04,3.2116354423937654,0.8,ili perc,quantile
HHS Region 10,2017-02-18,2,2017-03-04,3.4849601413354105,0.85,ili perc,quantile
HHS Region 10,2017-02-18,2,2017-03-04,3.640328143927087,0.9,ili perc,quantile
HHS Region 10,2017-02-18,2,2017-03-04,4.275082574921747,0.95,ili perc,quantile
HHS Region 10,2017-02-18,2,2017-03-04,4.740042008630944,0.975,ili perc,quantile
HHS Region 10,2017-02-18,2,2017-03-04,4.98011467288697,0.99,ili perc,quantile
HHS Region 10,2017-02-18,3,2017-03-11,1.0925129228046984,0.01,ili perc,quantile
HHS Region 10,2017-02-18,3,2017-03-11,1.3102763608327825,0.025,ili perc,quantile
HHS Region 10,2017-02-18,3,2017-03-11,1.5528545196230257,0.05,ili perc,quantile
HHS Region 10,2017-02-18,3,2017-03-11,1.8650299474673118,0.1,ili perc,quantile
HHS Region 10,2017-02-18,3,2017-03-11,1.972561516205646,0.15,ili perc,quantile
HHS Region 10,2017-02-18,3,2017-03-11,2.1389170743731856,0.2,ili perc,quantile
HHS Region 10,2017-02-18,3,2017-03-11,2.3058407966429884,0.25,ili perc,quantile
HHS Region 10,2017-02-18,3,2017-03-11,2.4067281984262396,0.3,ili perc,quantile
HHS Region 10,2017-02-18,3,2017-03-11,2.4783341799427654,0.35,ili perc,quantile
HHS Region 10,2017-02-18,3,2017-03-11,2.6118755845740234,0.4,ili perc,quantile
HHS Region 10,2017-02-18,3,2017-03-11,2.6928704000855337,0.45,ili perc,quantile
HHS Region 10,2017-02-18,3,2017-03-11,2.7731976642535963,0.5,ili perc,quantile
HHS Region 10,2017-02-18,3,2017-03-11,2.8943912646813628,0.55,ili perc,quantile
HHS Region 10,2017-02-18,3,2017-03-11,3.0227439648054286,0.6,ili perc,quantile
HHS Region 10,2017-02-18,3,2017-03-11,3.153280300883479,0.65,ili perc,quantile
HHS Region 10,2017-02-18,3,2017-03-11,3.208956775318619,0.7,ili perc,quantile
HHS Region 10,2017-02-18,3,2017-03-11,3.3869761543135835,0.75,ili perc,quantile
HHS Region 10,2017-02-18,3,2017-03-11,3.589232242025269,0.8,ili perc,quantile
HHS Region 10,2017-02-18,3,2017-03-11,3.8267890870944465,0.85,ili perc,quantile
HHS Region 10,2017-02-18,3,2017-03-11,4.555468653500878,0.9,ili perc,quantile
HHS Region 10,2017-02-18,3,2017-03-11,5.073853949704344,0.95,ili perc,quantile
HHS Region 10,2017-02-18,3,2017-03-11,5.679691610881773,0.975,ili perc,quantile
HHS Region 10,2017-02-18,3,2017-03-11,5.768698432923972,0.99,ili perc,quantile
HHS Region 10,2017-02-18,4,2017-03-18,1.0592677113562219,0.01,ili perc,quantile
HHS Region 10,2017-02-18,4,2017-03-18,1.0982044131468647,0.025,ili perc,quantile
HHS Region 10,2017-02-18,4,2017-03-18,1.1626511258065069,0.05,ili perc,quantile
HHS Region 10,2017-02-18,4,2017-03-18,1.6575381245978746,0.1,ili perc,quantile
HHS Region 10,2017-02-18,4,2017-03-18,1.902300986719899,0.15,ili perc,quantile
HHS Region 10,2017-02-18,4,2017-03-18,2.0373720514315163,0.2,ili perc,quantile
HHS Region 10,2017-02-18,4,2017-03-18,2.2026688983452134,0.25,ili perc,quantile
HHS Region 10,2017-02-18,4,2017-03-18,2.4284186693828707,0.3,ili perc,quantile
HHS Region 10,2017-02-18,4,2017-03-18,2.487028926984538,0.35,ili perc,quantile
HHS Region 10,2017-02-18,4,2017-03-18,2.5480121248977383,0.4,ili perc,quantile
HHS Region 10,2017-02-18,4,2017-03-18,2.6953798114139076,0.45,ili perc,quantile
HHS Region 10,2017-02-18,4,2017-03-18,2.8669687055262063,0.5,ili perc,quantile
HHS Region 10,2017-02-18,4,2017-03-18,2.965577780318912,0.55,ili perc,quantile
HHS Region 10,2017-02-18,4,2017-03-18,3.044057425535578,0.6,ili perc,quantile
HHS Region 10,2017-02-18,4,2017-03-18,3.3486340351047774,0.65,ili perc,quantile
HHS Region 10,2017-02-18,4,2017-03-18,3.4465187549057594,0.7,ili perc,quantile
HHS Region 10,2017-02-18,4,2017-03-18,3.6681736107768605,0.75,ili perc,quantile
HHS Region 10,2017-02-18,4,2017-03-18,4.023469167081291,0.8,ili perc,quantile
HHS Region 10,2017-02-18,4,2017-03-18,4.30326705697285,0.85,ili perc,quantile
HHS Region 10,2017-02-18,4,2017-03-18,4.599072350883959,0.9,ili perc,quantile
HHS Region 10,2017-02-18,4,2017-03-18,5.070720094548707,0.95,ili perc,quantile
HHS Region 10,2017-02-18,4,2017-03-18,5.549652146702554,0.975,ili perc,quantile
HHS Region 10,2017-02-18,4,2017-03-18,5.883817356386454,0.99,ili perc,quantile
HHS Region 2,2017-02-18,1,2017-02-25,4.248571677868673,0.01,ili perc,quantile
HHS Region 2,2017-02-18,1,2017-02-25,4.64726967790333,0.025,ili perc,quantile
HHS Region 2,2017-02-18,1,2017-02-25,5.010905263128999,0.05,ili perc,quantile
HHS Region 2,2017-02-18,1,2017-02-25,5.1777230666310174,0.1,ili perc,quantile
HHS Region 2,2017-02-18,1,2017-02-25,5.29029680560327,0.15,ili perc,quantile
HHS Region 2,2017-02-18,1,2017-02-25,5.362393416422419,0.2,ili perc,quantile
HHS Region 2,2017-02-18,1,2017-02-25,5.470238953799379,0.25,ili perc,quantile
HHS Region 2,2017-02-18,1,2017-02-25,5.540980181250549,0.3,ili perc,quantile
HHS Region 2,2017-02-18,1,2017-02-25,5.620633534130026,0.35,ili perc,quantile
HHS Region 2,2017-02-18,1,2017-02-25,5.635923549595306,0.4,ili perc,quantile
HHS Region 2,2017-02-18,1,2017-02-25,5.684053774816881,0.45,ili perc,quantile
HHS Region 2,2017-02-18,1,2017-02-25,5.72059033262819,0.5,ili perc,quantile
HHS Region 2,2017-02-18,1,2017-02-25,5.785729341306042,0.55,ili perc,quantile
HHS Region 2,2017-02-18,1,2017-02-25,5.891375818349024,0.6,ili perc,quantile
HHS Region 2,2017-02-18,1,2017-02-25,5.955334206001934,0.65,ili perc,quantile
HHS Region 2,2017-02-18,1,2017-02-25,6.1254974729206895,0.7,ili perc,quantile
HHS Region 2,2017-02-18,1,2017-02-25,6.171900430800992,0.75,ili perc,quantile
HHS Region 2,2017-02-18,1,2017-02-25,6.36633868583448,0.8,ili perc,quantile
HHS Region 2,2017-02-18,1,2017-02-25,6.439006188934236,0.85,ili perc,quantile
HHS Region 2,2017-02-18,1,2017-02-25,6.6033061530192825,0.9,ili perc,quantile
HHS Region 2,2017-02-18,1,2017-02-25,6.859754173454811,0.95,ili perc,quantile
HHS Region 2,2017-02-18,1,2017-02-25,7.414444008197078,0.975,ili perc,quantile
HHS Region 2,2017-02-18,1,2017-02-25,7.5894452515653175,0.99,ili perc,quantile
HHS Region 2,2017-02-18,2,2017-03-04,3.4853289877982965,0.01,ili perc,quantile
HHS Region 2,2017-02-18,2,2017-03-04,3.6166388329691848,0.025,ili perc,quantile
HHS Region 2,2017-02-18,2,2017-03-04,4.002572344698809,0.05,ili perc,quantile
HHS Region 2,2017-02-18,2,2017-03-04,4.444546061346628,0.1,ili perc,quantile
HHS Region 2,2017-02-18,2,2017-03-04,4.579763468629875,0.15,ili perc,quantile
HHS Region 2,2017-02-18,2,2017-03-04,4.777275168508396,0.2,ili perc,quantile
HHS Region 2,2017-02-18,2,2017-03-04,5.039466049087612,0.25,ili perc,quantile
HHS Region 2,2017-02-18,2,2017-03-04,5.184279227770921,0.3,ili perc,quantile
HHS Region 2,2017-02-18,2,2017-03-04,5.25067692041846,0.35,ili perc,quantile
HHS Region 2,2017-02-18,2,2017-03-04,5.294418535315919,0.4,ili perc,quantile
HHS Region 2,2017-02-18,2,2017-03-04,5.3687734752568,0.45,ili perc,quantile
HHS Region 2,2017-02-18,2,2017-03-04,5.48473438993483,0.5,ili perc,quantile
HHS Region 2,2017-02-18,2,2017-03-04,5.523879709514566,0.55,ili perc,quantile
HHS Region 2,2017-02-18,2,2017-03-04,5.596065902388127,0.6,ili perc,quantile
HHS Region 2,2017-02-18,2,2017-03-04,5.683288775148564,0.65,ili perc,quantile
HHS Region 2,2017-02-18,2,2017-03-04,5.779989414018305,0.7,ili perc,quantile
HHS Region 2,2017-02-18,2,2017-03-04,5.9416170645927515,0.75,ili perc,quantile
HHS Region 2,2017-02-18,2,2017-03-04,6.1023113845406884,0.8,ili perc,quantile
HHS Region 2,2017-02-18,2,2017-03-04,6.247829840281765,0.85,ili perc,quantile
HHS Region 2,2017-02-18,2,2017-03-04,6.481789656126959,0.9,ili perc,quantile
HHS Region 2,2017-02-18,2,2017-03-04,6.999603222640254,0.95,ili perc,quantile
HHS Region 2,2017-02-18,2,2017-03-04,7.097798298976312,0.975,ili perc,quantile
HHS Region 2,2017-02-18,2,2017-03-04,7.670297165312009,0.99,ili perc,quantile
HHS Region 2,2017-02-18,3,2017-03-11,2.743754127654485,0.01,ili perc,quantile
HHS Region 2,2017-02-18,3,2017-03-11,3.0504256571044315,0.025,ili perc,quantile
HHS Region 2,2017-02-18,3,2017-03-11,3.5156637229053764,0.05,ili perc,quantile
HHS Region 2,2017-02-18,3,2017-03-11,3.9431156981699234,0.1,ili perc,quantile
HHS Region 2,2017-02-18,3,2017-03-11,4.21536345855282,0.15,ili perc,quantile
HHS Region 2,2017-02-18,3,2017-03-11,4.317628463864064,0.2,ili perc,quantile
HHS Region 2,2017-02-18,3,2017-03-11,4.509253793028535,0.25,ili perc,quantile
HHS Region 2,2017-02-18,3,2017-03-11,4.584730350404207,0.3,ili perc,quantile
HHS Region 2,2017-02-18,3,2017-03-11,4.783935669551525,0.35,ili perc,quantile
HHS Region 2,2017-02-18,3,2017-03-11,4.848919358458758,0.4,ili perc,quantile
HHS Region 2,2017-02-18,3,2017-03-11,5.009580817574848,0.45,ili perc,quantile
HHS Region 2,2017-02-18,3,2017-03-11,5.154072096649832,0.5,ili perc,quantile
HHS Region 2,2017-02-18,3,2017-03-11,5.267426979368227,0.55,ili perc,quantile
HHS Region 2,2017-02-18,3,2017-03-11,5.346117834393805,0.6,ili perc,quantile
HHS Region 2,2017-02-18,3,2017-03-11,5.505402430952897,0.65,ili perc,quantile
HHS Region 2,2017-02-18,3,2017-03-11,5.687229888471099,0.7,ili perc,quantile
HHS Region 2,2017-02-18,3,2017-03-11,5.906640267700066,0.75,ili perc,quantile
HHS Region 2,2017-02-18,3,2017-03-11,6.06444166356981,0.8,ili perc,quantile
HHS Region 2,2017-02-18,3,2017-03-11,6.343529603449634,0.85,ili perc,quantile
HHS Region 2,2017-02-18,3,2017-03-11,6.54334088479156,0.9,ili perc,quantile
HHS Region 2,2017-02-18,3,2017-03-11,7.11902610022015,0.95,ili perc,quantile
HHS Region 2,2017-02-18,3,2017-03-11,7.356140924937842,0.975,ili perc,quantile
HHS Region 2,2017-02-18,3,2017-03-11,7.3812768962290125,0.99,ili perc,quantile
HHS Region 2,2017-02-18,4,2017-03-18,2.211861990648339,0.01,ili perc,quantile
HHS Region 2,2017-02-18,4,2017-03-18,2.7157745843297003,0.025,ili perc,quantile
HHS Region 2,2017-02-18,4,2017-03-18,3.1198551317610503,0.05,ili perc,quantile
HHS Region 2,2017-02-18,4,2017-03-18,3.3765589997113463,0.1,ili perc,quantile
HHS Region 2,2017-02-18,4,2017-03-18,3.7745836053498034,0.15,ili perc,quantile
HHS Region 2,2017-02-18,4,2017-03-18,3.9270013821496432,0.2,ili perc,quantile
HHS Region 2,2017-02-18,4,2017-03-18,4.065197511508742,0.25,ili perc,quantile
HHS Region 2,2017-02-18,4,2017-03-18,4.172200937896033,0.3,ili perc,quantile
HHS Region 2,2017-02-18,4,2017-03-18,4.287590612819297,0.35,ili perc,quantile
HHS Region 2,2017-02-18,4,2017-03-18,4.734757146488718,0.4,ili perc,quantile
HHS Region 2,2017-02-18,4,2017-03-18,4.83780012564402,0.45,ili perc,quantile
HHS Region 2,2017-02-18,4,2017-03-18,5.039273162637586,0.5,ili perc,quantile
HHS Region 2,2017-02-18,4,2017-03-18,5.160204117874245,0.55,ili perc,quantile
HHS Region 2,2017-02-18,4,2017-03-18,5.410414018563161,0.6,ili perc,quantile
HHS Region 2,2017-02-18,4,2017-03-18,5.525088994032044,0.65,ili perc,quantile
HHS Region 2,2017-02-18,4,2017-03-18,5.804802849805088,0.7,ili perc,quantile
HHS Region 2,2017-02-18,4,2017-03-18,5.957671280283518,0.75,ili perc,quantile
HHS Region 2,2017-02-18,4,2017-03-18,6.085038894166981,0.8,ili perc,quantile
HHS Region 2,2017-02-18,4,2017-03-18,6.206414920102611,0.85,ili perc,quantile
HHS Region 2,2017-02-18,4,2017-03-18,6.7127585597284,0.9,ili perc,quantile
HHS Region 2,2017-02-18,4,2017-03-18,6.873820611235281,0.95,ili perc,quantile
HHS Region 2,2017-02-18,4,2017-03-18,7.026790280736499,0.975,ili perc,quantile
HHS Region 2,2017-02-18,4,2017-03-18,7.792630184495985,0.99,ili perc,quantile
HHS Region 3,2017-02-18,1,2017-02-25,4.5232056459953425,0.01,ili perc,quantile
HHS Region 3,2017-02-18,1,2017-02-25,4.626897272530949,0.025,ili perc,quantile
HHS Region 3,2017-02-18,1,2017-02-25,4.688275778770433,0.05,ili perc,quantile
HHS Region 3,2017-02-18,1,2017-02-25,4.839333998364822,0.1,ili perc,quantile
HHS Region 3,2017-02-18,1,2017-02-25,5.002017610219745,0.15,ili perc,quantile
HHS Region 3,2017-02-18,1,2017-02-25,5.1048545293302325,0.2,ili perc,quantile
HHS Region 3,2017-02-18,1,2017-02-25,5.152591648537778,0.25,ili perc,quantile
HHS Region 3,2017-02-18,1,2017-02-25,5.209451281145646,0.3,ili perc,quantile
HHS Region 3,2017-02-18,1,2017-02-25,5.298837456553379,0.35,ili perc,quantile
HHS Region 3,2017-02-18,1,2017-02-25,5.338614788168436,0.4,ili perc,quantile
HHS Region 3,2017-02-18,1,2017-02-25,5.400404930605205,0.45,ili perc,quantile
HHS Region 3,2017-02-18,1,2017-02-25,5.4500593331679195,0.5,ili perc,quantile
HHS Region 3,2017-02-18,1,2017-02-25,5.493045579933589,0.55,ili perc,quantile
HHS Region 3,2017-02-18,1,2017-02-25,5.54268589220902,0.6,ili perc,quantile
HHS Region 3,2017-02-18,1,2017-02-25,5.598788422437115,0.65,ili perc,quantile
HHS Region 3,2017-02-18,1,2017-02-25,5.674007205581272,0.7,ili perc,quantile
HHS Region 3,2017-02-18,1,2017-02-25,5.70880925209713,0.75,ili perc,quantile
HHS Region 3,2017-02-18,1,2017-02-25,5.78417311950751,0.8,ili perc,quantile
HHS Region 3,2017-02-18,1,2017-02-25,5.858777947256025,0.85,ili perc,quantile
HHS Region 3,2017-02-18,1,2017-02-25,5.952248282936922,0.9,ili perc,quantile
HHS Region 3,2017-02-18,1,2017-02-25,6.065460942462542,0.95,ili perc,quantile
HHS Region 3,2017-02-18,1,2017-02-25,6.663231021918774,0.975,ili perc,quantile
HHS Region 3,2017-02-18,1,2017-02-25,7.283463709768856,0.99,ili perc,quantile
HHS Region 3,2017-02-18,2,2017-03-04,3.757923270210834,0.01,ili perc,quantile
HHS Region 3,2017-02-18,2,2017-03-04,3.9086484021412273,0.025,ili perc,quantile
HHS Region 3,2017-02-18,2,2017-03-04,4.165056816813054,0.05,ili perc,quantile
HHS Region 3,2017-02-18,2,2017-03-04,4.52803139114409,0.1,ili perc,quantile
HHS Region 3,2017-02-18,2,2017-03-04,4.67714302048465,0.15,ili perc,quantile
HHS Region 3,2017-02-18,2,2017-03-04,4.905020528697139,0.2,ili perc,quantile
HHS Region 3,2017-02-18,2,2017-03-04,5.0425881074999355,0.25,ili perc,quantile
HHS Region 3,2017-02-18,2,2017-03-04,5.121512778557318,0.3,ili perc,quantile
HHS Region 3,2017-02-18,2,2017-03-04,5.194195194639504,0.35,ili perc,quantile
HHS Region 3,2017-02-18,2,2017-03-04,5.2496591106044015,0.4,ili perc,quantile
HHS Region 3,2017-02-18,2,2017-03-04,5.31127997943322,0.45,ili perc,quantile
HHS Region 3,2017-02-18,2,2017-03-04,5.405106697047055,0.5,ili perc,quantile
HHS Region 3,2017-02-18,2,2017-03-04,5.4460446154939985,0.55,ili perc,quantile
HHS Region 3,2017-02-18,2,2017-03-04,5.493784170848429,0.6,ili perc,quantile
HHS Region 3,2017-02-18,2,2017-03-04,5.572731388396159,0.65,ili perc,quantile
HHS Region 3,2017-02-18,2,2017-03-04,5.657933891932776,0.7,ili perc,quantile
HHS Region 3,2017-02-18,2,2017-03-04,5.731896788616334,0.75,ili perc,quantile
HHS Region 3,2017-02-18,2,2017-03-04,5.887289734233022,0.8,ili perc,quantile
HHS Region 3,2017-02-18,2,2017-03-04,6.039290667983835,0.85,ili perc,quantile
HHS Region 3,2017-02-18,2,2017-03-04,6.2906424859459396,0.9,ili perc,quantile
HHS Region 3,2017-02-18,2,2017-03-04,6.578562580977594,0.95,ili perc,quantile
HHS Region 3,2017-02-18,2,2017-03-04,7.120942844413976,0.975,ili perc,quantile
HHS Region 3,2017-02-18,2,2017-03-04,7.153499694694837,0.99,ili perc,quantile
HHS Region 3,2017-02-18,3,2017-03-11,3.336930518365591,0.01,ili perc,quantile
HHS Region 3,2017-02-18,3,2017-03-11,3.5359740281106204,0.025,ili perc,quantile
HHS Region 3,2017-02-18,3,2017-03-11,4.062392890123838,0.05,ili perc,quantile
HHS Region 3,2017-02-18,3,2017-03-11,4.3323642715158295,0.1,ili perc,quantile
HHS Region 3,2017-02-18,3,2017-03-11,4.456321317566223,0.15,ili perc,quantile
HHS Region 3,2017-02-18,3,2017-03-11,4.733777252934587,0.2,ili perc,quantile
HHS Region 3,2017-02-18,3,2017-03-11,4.893322413166166,0.25,ili perc,quantile
HHS Region 3,2017-02-18,3,2017-03-11,5.0218407996569505,0.3,ili perc,quantile
HHS Region 3,2017-02-18,3,2017-03-11,5.100634999149556,0.35,ili perc,quantile
HHS Region 3,2017-02-18,3,2017-03-11,5.180808964449112,0.4,ili perc,quantile
HHS Region 3,2017-02-18,3,2017-03-11,5.252283726169212,0.45,ili perc,quantile
HHS Region 3,2017-02-18,3,2017-03-11,5.316667041072941,0.5,ili perc,quantile
HHS Region 3,2017-02-18,3,2017-03-11,5.421473856209372,0.55,ili perc,quantile
HHS Region 3,2017-02-18,3,2017-03-11,5.509007969801107,0.6,ili perc,quantile
HHS Region 3,2017-02-18,3,2017-03-11,5.638982240038175,0.65,ili perc,quantile
HHS Region 3,2017-02-18,3,2017-03-11,5.806724472687547,0.7,ili perc,quantile
HHS Region 3,2017-02-18,3,2017-03-11,6.009082697655042,0.75,ili perc,quantile
HHS Region 3,2017-02-18,3,2017-03-11,6.075776635406092,0.8,ili perc,quantile
HHS Region 3,2017-02-18,3,2017-03-11,6.21381278091034,0.85,ili perc,quantile
HHS Region 3,2017-02-18,3,2017-03-11,6.3599240207142245,0.9,ili perc,quantile
HHS Region 3,2017-02-18,3,2017-03-11,6.806777687581617,0.95,ili perc,quantile
HHS Region 3,2017-02-18,3,2017-03-11,6.959987151544189,0.975,ili perc,quantile
HHS Region 3,2017-02-18,3,2017-03-11,7.659626787123727,0.99,ili perc,quantile
HHS Region 3,2017-02-18,4,2017-03-18,3.124684482700251,0.01,ili perc,quantile
HHS Region 3,2017-02-18,4,2017-03-18,3.286837785130848,0.025,ili perc,quantile
HHS Region 3,2017-02-18,4,2017-03-18,3.5271819233777624,0.05,ili perc,quantile
HHS Region 3,2017-02-18,4,2017-03-18,3.843016353731676,0.1,ili perc,quantile
HHS Region 3,2017-02-18,4,2017-03-18,3.99362289924829,0.15,ili perc,quantile
HHS Region 3,2017-02-18,4,2017-03-18,4.321980653001433,0.2,ili perc,quantile
HHS Region 3,2017-02-18,4,2017-03-18,4.4804217996317055,0.25,ili perc,quantile
HHS Region 3,2017-02-18,4,2017-03-18,4.68186645712743,0.3,ili perc,quantile
HHS Region 3,2017-02-18,4,2017-03-18,4.8133601511668225,0.35,ili perc,quantile
HHS Region 3,2017-02-18,4,2017-03-18,4.987920994204146,0.4,ili perc,quantile
HHS Region 3,2017-02-18,4,2017-03-18,5.107364794947305,0.45,ili perc,quantile
HHS Region 3,2017-02-18,4,2017-03-18,5.17063701783383,0.5,ili perc,quantile
HHS Region 3,2017-02-18,4,2017-03-18,5.284366520265702,0.55,ili perc,quantile
HHS Region 3,2017-02-18,4,2017-03-18,5.453745405725174,0.6,ili perc,quantile
HHS Region 3,2017-02-18,4,2017-03-18,5.524185521414338,0.65,ili perc,quantile
HHS Region 3,2017-02-18,4,2017-03-18,5.634387628916372,0.7,ili perc,quantile
HHS Region 3,2017-02-18,4,2017-03-18,5.831718163509944,0.75,ili perc,quantile
HHS Region 3,2017-02-18,4,2017-03-18,6.139725110804408,0.8,ili perc,quantile
HHS Region 3,2017-02-18,4,2017-03-18,6.2253060033907985,0.85,ili perc,quantile
HHS Region 3,2017-02-18,4,2017-03-18,6.636010931454784,0.9,ili perc,quantile
HHS Region 3,2017-02-18,4,2017-03-18,7.068145680978176,0.95,ili perc,quantile
HHS Region 3,2017-02-18,4,2017-03-18,7.5146644814858865,0.975,ili perc,quantile
HHS Region 3,2017-02-18,4,2017-03-18,7.822015896804936,0.99,ili perc,quantile
HHS Region 4,2017-02-18,1,2017-02-25,4.175888161108128,0.01,ili perc,quantile
HHS Region 4,2017-02-18,1,2017-02-25,4.375345227999277,0.025,ili perc,quantile
HHS Region 4,2017-02-18,1,2017-02-25,4.509541729872709,0.05,ili perc,quantile
HHS Region 4,2017-02-18,1,2017-02-25,4.6426447282768555,0.1,ili perc,quantile
HHS Region 4,2017-02-18,1,2017-02-25,4.728372940139047,0.15,ili perc,quantile
HHS Region 4,2017-02-18,1,2017-02-25,4.801844058396917,0.2,ili perc,quantile
HHS Region 4,2017-02-18,1,2017-02-25,4.848509200075864,0.25,ili perc,quantile
HHS Region 4,2017-02-18,1,2017-02-25,4.879233659544513,0.3,ili perc,quantile
HHS Region 4,2017-02-18,1,2017-02-25,4.941160026653516,0.35,ili perc,quantile
HHS Region 4,2017-02-18,1,2017-02-25,5.024458274200883,0.4,ili perc,quantile
HHS Region 4,2017-02-18,1,2017-02-25,5.066053625839166,0.45,ili perc,quantile
HHS Region 4,2017-02-18,1,2017-02-25,5.124104061354724,0.5,ili perc,quantile
HHS Region 4,2017-02-18,1,2017-02-25,5.159672976826926,0.55,ili perc,quantile
HHS Region 4,2017-02-18,1,2017-02-25,5.181269970729728,0.6,ili perc,quantile
HHS Region 4,2017-02-18,1,2017-02-25,5.198474750413468,0.65,ili perc,quantile
HHS Region 4,2017-02-18,1,2017-02-25,5.253335429794167,0.7,ili perc,quantile
HHS Region 4,2017-02-18,1,2017-02-25,5.3282519743213825,0.75,ili perc,quantile
HHS Region 4,2017-02-18,1,2017-02-25,5.370109480497858,0.8,ili perc,quantile
HHS Region 4,2017-02-18,1,2017-02-25,5.461677461066492,0.85,ili perc,quantile
HHS Region 4,2017-02-18,1,2017-02-25,5.486179616179075,0.9,ili perc,quantile
HHS Region 4,2017-02-18,1,2017-02-25,5.642668229735923,0.95,ili perc,quantile
HHS Region 4,2017-02-18,1,2017-02-25,5.8991886965910645,0.975,ili perc,quantile
HHS Region 4,2017-02-18,1,2017-02-25,6.016578658979149,0.99,ili perc,quantile
HHS Region 4,2017-02-18,2,2017-03-04,3.3869308465562145,0.01,ili perc,quantile
HHS Region 4,2017-02-18,2,2017-03-04,3.4279260867347388,0.025,ili perc,quantile
HHS Region 4,2017-02-18,2,2017-03-04,3.5312948789744425,0.05,ili perc,quantile
HHS Region 4,2017-02-18,2,2017-03-04,3.7662608041251064,0.1,ili perc,quantile
HHS Region 4,2017-02-18,2,2017-03-04,3.9816252862370236,0.15,ili perc,quantile
HHS Region 4,2017-02-18,2,2017-03-04,4.0367723063481495,0.2,ili perc,quantile
HHS Region 4,2017-02-18,2,2017-03-04,4.114316931394546,0.25,ili perc,quantile
HHS Region 4,2017-02-18,2,2017-03-04,4.261560992742826,0.3,ili perc,quantile
HHS Region 4,2017-02-18,2,2017-03-04,4.339599782213783,0.35,ili perc,quantile
HHS Region 4,2017-02-18,2,2017-03-04,4.410073432138415,0.4,ili perc,quantile
HHS Region 4,2017-02-18,2,2017-03-04,4.475072354438068,0.45,ili perc,quantile
HHS Region 4,2017-02-18,2,2017-03-04,4.517236825721345,0.5,ili perc,quantile
HHS Region 4,2017-02-18,2,2017-03-04,4.564483806870833,0.55,ili perc,quantile
HHS Region 4,2017-02-18,2,2017-03-04,4.659826581466394,0.6,ili perc,quantile
HHS Region 4,2017-02-18,2,2017-03-04,4.760514861482949,0.65,ili perc,quantile
HHS Region 4,2017-02-18,2,2017-03-04,4.870596808100917,0.7,ili perc,quantile
HHS Region 4,2017-02-18,2,2017-03-04,4.961682233036719,0.75,ili perc,quantile
HHS Region 4,2017-02-18,2,2017-03-04,5.0975237434049365,0.8,ili perc,quantile
HHS Region 4,2017-02-18,2,2017-03-04,5.1754675769224034,0.85,ili perc,quantile
HHS Region 4,2017-02-18,2,2017-03-04,5.517270977366981,0.9,ili perc,quantile
HHS Region 4,2017-02-18,2,2017-03-04,6.055639621238776,0.95,ili perc,quantile
HHS Region 4,2017-02-18,2,2017-03-04,6.3143045210355035,0.975,ili perc,quantile
HHS Region 4,2017-02-18,2,2017-03-04,6.830859097874586,0.99,ili perc,quantile
HHS Region 4,2017-02-18,3,2017-03-11,2.500186298121235,0.01,ili perc,quantile
HHS Region 4,2017-02-18,3,2017-03-11,2.544446469899491,0.025,ili perc,quantile
HHS Region 4,2017-02-18,3,2017-03-11,2.6930197737426207,0.05,ili perc,quantile
HHS Region 4,2017-02-18,3,2017-03-11,3.168300890758008,0.1,ili perc,quantile
HHS Region 4,2017-02-18,3,2017-03-11,3.324386897811136,0.15,ili perc,quantile
HHS Region 4,2017-02-18,3,2017-03-11,3.4921333740955074,0.2,ili perc,quantile
HHS Region 4,2017-02-18,3,2017-03-11,3.6043345533959865,0.25,ili perc,quantile
HHS Region 4,2017-02-18,3,2017-03-11,3.6563731126114822,0.3,ili perc,quantile
HHS Region 4,2017-02-18,3,2017-03-11,3.775860352665618,0.35,ili perc,quantile
HHS Region 4,2017-02-18,3,2017-03-11,3.8493882212149493,0.4,ili perc,quantile
HHS Region 4,2017-02-18,3,2017-03-11,3.9354539081884763,0.45,ili perc,quantile
HHS Region 4,2017-02-18,3,2017-03-11,3.984179669816808,0.5,ili perc,quantile
HHS Region 4,2017-02-18,3,2017-03-11,4.094496258205286,0.55,ili perc,quantile
HHS Region 4,2017-02-18,3,2017-03-11,4.166561272353151,0.6,ili perc,quantile
HHS Region 4,2017-02-18,3,2017-03-11,4.389699393010972,0.65,ili perc,quantile
HHS Region 4,2017-02-18,3,2017-03-11,4.556587817800713,0.7,ili perc,quantile
HHS Region 4,2017-02-18,3,2017-03-11,4.732558865069029,0.75,ili perc,quantile
HHS Region 4,2017-02-18,3,2017-03-11,4.987166572250887,0.8,ili perc,quantile
HHS Region 4,2017-02-18,3,2017-03-11,5.193790116359849,0.85,ili perc,quantile
HHS Region 4,2017-02-18,3,2017-03-11,5.507191381625189,0.9,ili perc,quantile
HHS Region 4,2017-02-18,3,2017-03-11,6.071807301206496,0.95,ili perc,quantile
HHS Region 4,2017-02-18,3,2017-03-11,6.69172033264535,0.975,ili perc,quantile
HHS Region 4,2017-02-18,3,2017-03-11,6.98791786457152,0.99,ili perc,quantile
HHS Region 4,2017-02-18,4,2017-03-18,1.980207366769595,0.01,ili perc,quantile
HHS Region 4,2017-02-18,4,2017-03-18,2.0072832828968963,0.025,ili perc,quantile
HHS Region 4,2017-02-18,4,2017-03-18,2.2633230732563505,0.05,ili perc,quantile
HHS Region 4,2017-02-18,4,2017-03-18,2.604740493360723,0.1,ili perc,quantile
HHS Region 4,2017-02-18,4,2017-03-18,2.740842756078958,0.15,ili perc,quantile
HHS Region 4,2017-02-18,4,2017-03-18,2.946122452900375,0.2,ili perc,quantile
HHS Region 4,2017-02-18,4,2017-03-18,3.1067500416500646,0.25,ili perc,quantile
HHS Region 4,2017-02-18,4,2017-03-18,3.2436722291045927,0.3,ili perc,quantile
HHS Region 4,2017-02-18,4,2017-03-18,3.3005073410893075,0.35,ili perc,quantile
HHS Region 4,2017-02-18,4,2017-03-18,3.3993247886276228,0.4,ili perc,quantile
HHS Region 4,2017-02-18,4,2017-03-18,3.4811805317789677,0.45,ili perc,quantile
HHS Region 4,2017-02-18,4,2017-03-18,3.6372069624739405,0.5,ili perc,quantile
HHS Region 4,2017-02-18,4,2017-03-18,3.8249305097399824,0.55,ili perc,quantile
HHS Region 4,2017-02-18,4,2017-03-18,3.9253480078463374,0.6,ili perc,quantile
HHS Region 4,2017-02-18,4,2017-03-18,4.111960147521383,0.65,ili perc,quantile
HHS Region 4,2017-02-18,4,2017-03-18,4.363619876258168,0.7,ili perc,quantile
HHS Region 4,2017-02-18,4,2017-03-18,4.635446875073377,0.75,ili perc,quantile
HHS Region 4,2017-02-18,4,2017-03-18,4.743278239873923,0.8,ili perc,quantile
HHS Region 4,2017-02-18,4,2017-03-18,5.090568102611183,0.85,ili perc,quantile
HHS Region 4,2017-02-18,4,2017-03-18,5.569305213238946,0.9,ili perc,quantile
HHS Region 4,2017-02-18,4,2017-03-18,6.062425332002282,0.95,ili perc,quantile
HHS Region 4,2017-02-18,4,2017-03-18,6.134160061218415,0.975,ili perc,quantile
HHS Region 4,2017-02-18,4,2017-03-18,7.591741579682164,0.99,ili perc,quantile
HHS Region 5,2017-02-18,1,2017-02-25,3.386517945128305,0.01,ili perc,quantile
HHS Region 5,2017-02-18,1,2017-02-25,3.42043349085407,0.025,ili perc,quantile
HHS Region 5,2017-02-18,1,2017-02-25,3.599019147923919,0.05,ili perc,quantile
HHS Region 5,2017-02-18,1,2017-02-25,3.7252780181816294,0.1,ili perc,quantile
HHS Region 5,2017-02-18,1,2017-02-25,3.854737935571614,0.15,ili perc,quantile
HHS Region 5,2017-02-18,1,2017-02-25,3.8897716753340577,0.2,ili perc,quantile
HHS Region 5,2017-02-18,1,2017-02-25,3.9723710349116526,0.25,ili perc,quantile
HHS Region 5,2017-02-18,1,2017-02-25,4.0141529312617426,0.3,ili perc,quantile
HHS Region 5,2017-02-18,1,2017-02-25,4.055537159192577,0.35,ili perc,quantile
HHS Region 5,2017-02-18,1,2017-02-25,4.15378794477352,0.4,ili perc,quantile
HHS Region 5,2017-02-18,1,2017-02-25,4.190098892849009,0.45,ili perc,quantile
HHS Region 5,2017-02-18,1,2017-02-25,4.21484473994215,0.5,ili perc,quantile
HHS Region 5,2017-02-18,1,2017-02-25,4.24334791292087,0.55,ili perc,quantile
HHS Region 5,2017-02-18,1,2017-02-25,4.262835257552855,0.6,ili perc,quantile
HHS Region 5,2017-02-18,1,2017-02-25,4.323122703610469,0.65,ili perc,quantile
HHS Region 5,2017-02-18,1,2017-02-25,4.353075263992652,0.7,ili perc,quantile
HHS Region 5,2017-02-18,1,2017-02-25,4.400201019489234,0.75,ili perc,quantile
HHS Region 5,2017-02-18,1,2017-02-25,4.432540067796991,0.8,ili perc,quantile
HHS Region 5,2017-02-18,1,2017-02-25,4.478965169398983,0.85,ili perc,quantile
HHS Region 5,2017-02-18,1,2017-02-25,4.609080671912545,0.9,ili perc,quantile
HHS Region 5,2017-02-18,1,2017-02-25,4.763256112835907,0.95,ili perc,quantile
HHS Region 5,2017-02-18,1,2017-02-25,4.884884178269946,0.975,ili perc,quantile
HHS Region 5,2017-02-18,1,2017-02-25,4.937210811485048,0.99,ili perc,quantile
HHS Region 5,2017-02-18,2,2017-03-04,2.923246647333308,0.01,ili perc,quantile
HHS Region 5,2017-02-18,2,2017-03-04,3.028085153728866,0.025,ili perc,quantile
HHS Region 5,2017-02-18,2,2017-03-04,3.340122415933034,0.05,ili perc,quantile
HHS Region 5,2017-02-18,2,2017-03-04,3.478468693343328,0.1,ili perc,quantile
HHS Region 5,2017-02-18,2,2017-03-04,3.5656502309744638,0.15,ili perc,quantile
HHS Region 5,2017-02-18,2,2017-03-04,3.6328787415238986,0.2,ili perc,quantile
HHS Region 5,2017-02-18,2,2017-03-04,3.68557499778364,0.25,ili perc,quantile
HHS Region 5,2017-02-18,2,2017-03-04,3.7688273326463793,0.3,ili perc,quantile
HHS Region 5,2017-02-18,2,2017-03-04,3.817375049279707,0.35,ili perc,quantile
HHS Region 5,2017-02-18,2,2017-03-04,3.8578624802220247,0.4,ili perc,quantile
HHS Region 5,2017-02-18,2,2017-03-04,3.9030003165380442,0.45,ili perc,quantile
HHS Region 5,2017-02-18,2,2017-03-04,3.93272303521987,0.5,ili perc,quantile
HHS Region 5,2017-02-18,2,2017-03-04,3.9938527113928717,0.55,ili perc,quantile
HHS Region 5,2017-02-18,2,2017-03-04,4.110863798439134,0.6,ili perc,quantile
HHS Region 5,2017-02-18,2,2017-03-04,4.149176245558169,0.65,ili perc,quantile
HHS Region 5,2017-02-18,2,2017-03-04,4.215943245328633,0.7,ili perc,quantile
HHS Region 5,2017-02-18,2,2017-03-04,4.260507615003213,0.75,ili perc,quantile
HHS Region 5,2017-02-18,2,2017-03-04,4.3484528642730425,0.8,ili perc,quantile
HHS Region 5,2017-02-18,2,2017-03-04,4.4464736408453955,0.85,ili perc,quantile
HHS Region 5,2017-02-18,2,2017-03-04,4.564844848641172,0.9,ili perc,quantile
HHS Region 5,2017-02-18,2,2017-03-04,4.820572105027363,0.95,ili perc,quantile
HHS Region 5,2017-02-18,2,2017-03-04,5.038301779352843,0.975,ili perc,quantile
HHS Region 5,2017-02-18,2,2017-03-04,5.213386472281625,0.99,ili perc,quantile
HHS Region 5,2017-02-18,3,2017-03-11,2.4444565369479427,0.01,ili perc,quantile
HHS Region 5,2017-02-18,3,2017-03-11,2.5687209865467127,0.025,ili perc,quantile
HHS Region 5,2017-02-18,3,2017-03-11,2.84760930272145,0.05,ili perc,quantile
HHS Region 5,2017-02-18,3,2017-03-11,3.030674017763766,0.1,ili perc,quantile
HHS Region 5,2017-02-18,3,2017-03-11,3.1774035037106527,0.15,ili perc,quantile
HHS Region 5,2017-02-18,3,2017-03-11,3.355644910687233,0.2,ili perc,quantile
HHS Region 5,2017-02-18,3,2017-03-11,3.4476110084385665,0.25,ili perc,quantile
HHS Region 5,2017-02-18,3,2017-03-11,3.5472490282235065,0.3,ili perc,quantile
HHS Region 5,2017-02-18,3,2017-03-11,3.6272615697559276,0.35,ili perc,quantile
HHS Region 5,2017-02-18,3,2017-03-11,3.695920629089828,0.4,ili perc,quantile
HHS Region 5,2017-02-18,3,2017-03-11,3.8080627040758093,0.45,ili perc,quantile
HHS Region 5,2017-02-18,3,2017-03-11,3.8667326304288236,0.5,ili perc,quantile
HHS Region 5,2017-02-18,3,2017-03-11,3.9241032414163146,0.55,ili perc,quantile
HHS Region 5,2017-02-18,3,2017-03-11,3.989041825728779,0.6,ili perc,quantile
HHS Region 5,2017-02-18,3,2017-03-11,4.0599481033043885,0.65,ili perc,quantile
HHS Region 5,2017-02-18,3,2017-03-11,4.182896570347282,0.7,ili perc,quantile
HHS Region 5,2017-02-18,3,2017-03-11,4.357679618752226,0.75,ili perc,quantile
HHS Region 5,2017-02-18,3,2017-03-11,4.444482472821513,0.8,ili perc,quantile
HHS Region 5,2017-02-18,3,2017-03-11,4.480513503150488,0.85,ili perc,quantile
HHS Region 5,2017-02-18,3,2017-03-11,4.752917945975777,0.9,ili perc,quantile
HHS Region 5,2017-02-18,3,2017-03-11,5.139134596316585,0.95,ili perc,quantile
HHS Region 5,2017-02-18,3,2017-03-11,5.43829737437807,0.975,ili perc,quantile
HHS Region 5,2017-02-18,3,2017-03-11,5.718339222674729,0.99,ili perc,quantile
HHS Region 5,2017-02-18,4,2017-03-18,2.0054395740912137,0.01,ili perc,quantile
HHS Region 5,2017-02-18,4,2017-03-18,2.2194715952408557,0.025,ili perc,quantile
HHS Region 5,2017-02-18,4,2017-03-18,2.4173206785649746,0.05,ili perc,quantile
HHS Region 5,2017-02-18,4,2017-03-18,2.7985570088858696,0.1,ili perc,quantile
HHS Region 5,2017-02-18,4,2017-03-18,2.8755271253223724,0.15,ili perc,quantile
HHS Region 5,2017-02-18,4,2017-03-18,3.1016508437334194,0.2,ili perc,quantile
HHS Region 5,2017-02-18,4,2017-03-18,3.213360615595816,0.25,ili perc,quantile
HHS Region 5,2017-02-18,4,2017-03-18,3.2643174531077706,0.3,ili perc,quantile
HHS Region 5,2017-02-18,4,2017-03-18,3.371217829163689,0.35,ili perc,quantile
HHS Region 5,2017-02-18,4,2017-03-18,3.471555824665301,0.4,ili perc,quantile
HHS Region 5,2017-02-18,4,2017-03-18,3.5660956220427558,0.45,ili perc,quantile
HHS Region 5,2017-02-18,4,2017-03-18,3.6464684469515967,0.5,ili perc,quantile
HHS Region 5,2017-02-18,4,2017-03-18,3.728961215551185,0.55,ili perc,quantile
HHS Region 5,2017-02-18,4,2017-03-18,3.860899583364229,0.6,ili perc,quantile
HHS Region 5,2017-02-18,4,2017-03-18,3.999925572178531,0.65,ili perc,quantile
HHS Region 5,2017-02-18,4,2017-03-18,4.10174977458635,0.7,ili perc,quantile
HHS Region 5,2017-02-18,4,2017-03-18,4.301483619412094,0.75,ili perc,quantile
HHS Region 5,2017-02-18,4,2017-03-18,4.445034549140954,0.8,ili perc,quantile
HHS Region 5,2017-02-18,4,2017-03-18,4.755883800769795,0.85,ili perc,quantile
HHS Region 5,2017-02-18,4,2017-03-18,5.087339602330827,0.9,ili perc,quantile
HHS Region 5,2017-02-18,4,2017-03-18,5.644986787574375,0.95,ili perc,quantile
HHS Region 5,2017-02-18,4,2017-03-18,5.972547591353408,0.975,ili perc,quantile
HHS Region 5,2017-02-18,4,2017-03-18,6.2184019372693085,0.99,ili perc,quantile
HHS Region 6,2017-02-18,1,2017-02-25,7.5393445567279285,0.01,ili perc,quantile
HHS Region 6,2017-02-18,1,2017-02-25,7.5654274139689415,0.025,ili perc,quantile
HHS Region 6,2017-02-18,1,2017-02-25,7.680043040088145,0.05,ili perc,quantile
HHS Region 6,2017-02-18,1,2017-02-25,8.155256572683108,0.1,ili perc,quantile
HHS Region 6,2017-02-18,1,2017-02-25,8.327621213586767,0.15,ili perc,quantile
HHS Region 6,2017-02-18,1,2017-02-25,8.387689881456723,0.2,ili perc,quantile
HHS Region 6,2017-02-18,1,2017-02-25,8.589625610995569,0.25,ili perc,quantile
HHS Region 6,2017-02-18,1,2017-02-25,8.86136358288179,0.3,ili perc,quantile
HHS Region 6,2017-02-18,1,2017-02-25,8.920363333601722,0.35,ili perc,quantile
HHS Region 6,2017-02-18,1,2017-02-25,9.033461219266117,0.4,ili perc,quantile
HHS Region 6,2017-02-18,1,2017-02-25,9.092810799342852,0.45,ili perc,quantile
HHS Region 6,2017-02-18,1,2017-02-25,9.116979607300397,0.5,ili perc,quantile
HHS Region 6,2017-02-18,1,2017-02-25,9.172930146969852,0.55,ili perc,quantile
HHS Region 6,2017-02-18,1,2017-02-25,9.27047013610989,0.6,ili perc,quantile
HHS Region 6,2017-02-18,1,2017-02-25,9.377186362701947,0.65,ili perc,quantile
HHS Region 6,2017-02-18,1,2017-02-25,9.55469989204935,0.7,ili perc,quantile
HHS Region 6,2017-02-18,1,2017-02-25,9.663021891374635,0.75,ili perc,quantile
HHS Region 6,2017-02-18,1,2017-02-25,9.75036909845183,0.8,ili perc,quantile
HHS Region 6,2017-02-18,1,2017-02-25,9.905238917788438,0.85,ili perc,quantile
HHS Region 6,2017-02-18,1,2017-02-25,10.62262989650529,0.9,ili perc,quantile
HHS Region 6,2017-02-18,1,2017-02-25,11.11415457505692,0.95,ili perc,quantile
HHS Region 6,2017-02-18,1,2017-02-25,11.686645158045721,0.975,ili perc,quantile
HHS Region 6,2017-02-18,1,2017-02-25,11.77810332654375,0.99,ili perc,quantile
HHS Region 6,2017-02-18,2,2017-03-04,5.902885340155838,0.01,ili perc,quantile
HHS Region 6,2017-02-18,2,2017-03-04,6.5946690698867565,0.025,ili perc,quantile
HHS Region 6,2017-02-18,2,2017-03-04,6.867420745177571,0.05,ili perc,quantile
HHS Region 6,2017-02-18,2,2017-03-04,7.131766479843004,0.1,ili perc,quantile
HHS Region 6,2017-02-18,2,2017-03-04,7.357117424718638,0.15,ili perc,quantile
HHS Region 6,2017-02-18,2,2017-03-04,7.713653776388643,0.2,ili perc,quantile
HHS Region 6,2017-02-18,2,2017-03-04,7.934523030636446,0.25,ili perc,quantile
HHS Region 6,2017-02-18,2,2017-03-04,8.188106018041063,0.3,ili perc,quantile
HHS Region 6,2017-02-18,2,2017-03-04,8.325252876986472,0.35,ili perc,quantile
HHS Region 6,2017-02-18,2,2017-03-04,8.395608787626132,0.4,ili perc,quantile
HHS Region 6,2017-02-18,2,2017-03-04,8.47085971458276,0.45,ili perc,quantile
HHS Region 6,2017-02-18,2,2017-03-04,8.615575823002857,0.5,ili perc,quantile
HHS Region 6,2017-02-18,2,2017-03-04,8.838309427308017,0.55,ili perc,quantile
HHS Region 6,2017-02-18,2,2017-03-04,8.972225653893101,0.6,ili perc,quantile
HHS Region 6,2017-02-18,2,2017-03-04,9.108935530394769,0.65,ili perc,quantile
HHS Region 6,2017-02-18,2,2017-03-04,9.29729859282326,0.7,ili perc,quantile
HHS Region 6,2017-02-18,2,2017-03-04,9.660834939144374,0.75,ili perc,quantile
HHS Region 6,2017-02-18,2,2017-03-04,10.035976151523034,0.8,ili perc,quantile
HHS Region 6,2017-02-18,2,2017-03-04,10.491523366173984,0.85,ili perc,quantile
HHS Region 6,2017-02-18,2,2017-03-04,10.719474319109839,0.9,ili perc,quantile
HHS Region 6,2017-02-18,2,2017-03-04,11.405672187029424,0.95,ili perc,quantile
HHS Region 6,2017-02-18,2,2017-03-04,11.619628633669853,0.975,ili perc,quantile
HHS Region 6,2017-02-18,2,2017-03-04,11.749829934233167,0.99,ili perc,quantile
HHS Region 6,2017-02-18,3,2017-03-11,5.4395101934268935,0.01,ili perc,quantile
HHS Region 6,2017-02-18,3,2017-03-11,5.56527723242726,0.025,ili perc,quantile
HHS Region 6,2017-02-18,3,2017-03-11,5.827792462396069,0.05,ili perc,quantile
HHS Region 6,2017-02-18,3,2017-03-11,6.1974880142030715,0.1,ili perc,quantile
HHS Region 6,2017-02-18,3,2017-03-11,6.6890034963999705,0.15,ili perc,quantile
HHS Region 6,2017-02-18,3,2017-03-11,6.951096277638166,0.2,ili perc,quantile
HHS Region 6,2017-02-18,3,2017-03-11,7.2551204333899735,0.25,ili perc,quantile
HHS Region 6,2017-02-18,3,2017-03-11,7.493608365136008,0.3,ili perc,quantile
HHS Region 6,2017-02-18,3,2017-03-11,7.824070801318652,0.35,ili perc,quantile
HHS Region 6,2017-02-18,3,2017-03-11,7.915652819619622,0.4,ili perc,quantile
HHS Region 6,2017-02-18,3,2017-03-11,8.050333294170791,0.45,ili perc,quantile
HHS Region 6,2017-02-18,3,2017-03-11,8.24450639495944,0.5,ili perc,quantile
HHS Region 6,2017-02-18,3,2017-03-11,8.426369826222743,0.55,ili perc,quantile
HHS Region 6,2017-02-18,3,2017-03-11,8.675833844284499,0.6,ili perc,quantile
HHS Region 6,2017-02-18,3,2017-03-11,8.91495505912236,0.65,ili perc,quantile
HHS Region 6,2017-02-18,3,2017-03-11,9.075929771167432,0.7,ili perc,quantile
HHS Region 6,2017-02-18,3,2017-03-11,9.38792746248895,0.75,ili perc,quantile
HHS Region 6,2017-02-18,3,2017-03-11,9.808313677402877,0.8,ili perc,quantile
HHS Region 6,2017-02-18,3,2017-03-11,10.13981276970606,0.85,ili perc,quantile
HHS Region 6,2017-02-18,3,2017-03-11,10.55668376878953,0.9,ili perc,quantile
HHS Region 6,2017-02-18,3,2017-03-11,11.78591919074132,0.95,ili perc,quantile
HHS Region 6,2017-02-18,3,2017-03-11,12.07876989274086,0.975,ili perc,quantile
HHS Region 6,2017-02-18,3,2017-03-11,12.54056621332269,0.99,ili perc,quantile
HHS Region 6,2017-02-18,4,2017-03-18,4.285759241512905,0.01,ili perc,quantile
HHS Region 6,2017-02-18,4,2017-03-18,4.711502940455079,0.025,ili perc,quantile
HHS Region 6,2017-02-18,4,2017-03-18,5.252090217430417,0.05,ili perc,quantile
HHS Region 6,2017-02-18,4,2017-03-18,5.418677625987465,0.1,ili perc,quantile
HHS Region 6,2017-02-18,4,2017-03-18,6.047675384076551,0.15,ili perc,quantile
HHS Region 6,2017-02-18,4,2017-03-18,6.36693701101835,0.2,ili perc,quantile
HHS Region 6,2017-02-18,4,2017-03-18,6.66291751477823,0.25,ili perc,quantile
HHS Region 6,2017-02-18,4,2017-03-18,7.001250626687915,0.3,ili perc,quantile
HHS Region 6,2017-02-18,4,2017-03-18,7.2142487122316,0.35,ili perc,quantile
HHS Region 6,2017-02-18,4,2017-03-18,7.341662646442397,0.4,ili perc,quantile
HHS Region 6,2017-02-18,4,2017-03-18,7.538466434742054,0.45,ili perc,quantile
HHS Region 6,2017-02-18,4,2017-03-18,7.724545059823364,0.5,ili perc,quantile
HHS Region 6,2017-02-18,4,2017-03-18,7.944728993412636,0.55,ili perc,quantile
HHS Region 6,2017-02-18,4,2017-03-18,8.10322142766348,0.6,ili perc,quantile
HHS Region 6,2017-02-18,4,2017-03-18,8.297806867489706,0.65,ili perc,quantile
HHS Region 6,2017-02-18,4,2017-03-18,8.567138062167313,0.7,ili perc,quantile
HHS Region 6,2017-02-18,4,2017-03-18,8.8678009753363,0.75,ili perc,quantile
HHS Region 6,2017-02-18,4,2017-03-18,9.854069812540931,0.8,ili perc,quantile
HHS Region 6,2017-02-18,4,2017-03-18,10.303921125225672,0.85,ili perc,quantile
HHS Region 6,2017-02-18,4,2017-03-18,11.337389768018832,0.9,ili perc,quantile
HHS Region 6,2017-02-18,4,2017-03-18,12.23128184348409,0.95,ili perc,quantile
HHS Region 6,2017-02-18,4,2017-03-18,13.013416317186486,0.975,ili perc,quantile
HHS Region 6,2017-02-18,4,2017-03-18,13.592189244038286,0.99,ili perc,quantile
HHS Region 7,2017-02-18,1,2017-02-25,3.888161128124069,0.01,ili perc,quantile
HHS Region 7,2017-02-18,1,2017-02-25,4.087838633482393,0.025,ili perc,quantile
HHS Region 7,2017-02-18,1,2017-02-25,4.1755863533429,0.05,ili perc,quantile
HHS Region 7,2017-02-18,1,2017-02-25,4.2721662035400145,0.1,ili perc,quantile
HHS Region 7,2017-02-18,1,2017-02-25,4.3693067220867,0.15,ili perc,quantile
HHS Region 7,2017-02-18,1,2017-02-25,4.568425353504596,0.2,ili perc,quantile
HHS Region 7,2017-02-18,1,2017-02-25,4.642769570716296,0.25,ili perc,quantile
HHS Region 7,2017-02-18,1,2017-02-25,4.738650242885667,0.3,ili perc,quantile
HHS Region 7,2017-02-18,1,2017-02-25,4.837064364271063,0.35,ili perc,quantile
HHS Region 7,2017-02-18,1,2017-02-25,4.962138578449865,0.4,ili perc,quantile
HHS Region 7,2017-02-18,1,2017-02-25,5.045428199440604,0.45,ili perc,quantile
HHS Region 7,2017-02-18,1,2017-02-25,5.141426550426317,0.5,ili perc,quantile
HHS Region 7,2017-02-18,1,2017-02-25,5.2386945940785274,0.55,ili perc,quantile
HHS Region 7,2017-02-18,1,2017-02-25,5.307896446723814,0.6,ili perc,quantile
HHS Region 7,2017-02-18,1,2017-02-25,5.453768095563546,0.65,ili perc,quantile
HHS Region 7,2017-02-18,1,2017-02-25,5.485266198647415,0.7,ili perc,quantile
HHS Region 7,2017-02-18,1,2017-02-25,5.591401073323435,0.75,ili perc,quantile
HHS Region 7,2017-02-18,1,2017-02-25,5.708609767523717,0.8,ili perc,quantile
HHS Region 7,2017-02-18,1,2017-02-25,5.819337077278774,0.85,ili perc,quantile
HHS Region 7,2017-02-18,1,2017-02-25,6.0251476086561055,0.9,ili perc,quantile
HHS Region 7,2017-02-18,1,2017-02-25,6.230570995740724,0.95,ili perc,quantile
HHS Region 7,2017-02-18,1,2017-02-25,6.455824970699539,0.975,ili perc,quantile
HHS Region 7,2017-02-18,1,2017-02-25,6.985193291765983,0.99,ili perc,quantile
HHS Region 7,2017-02-18,2,2017-03-04,3.2766542874227182,0.01,ili perc,quantile
HHS Region 7,2017-02-18,2,2017-03-04,3.3701062676257347,0.025,ili perc,quantile
HHS Region 7,2017-02-18,2,2017-03-04,3.5559205758862853,0.05,ili perc,quantile
HHS Region 7,2017-02-18,2,2017-03-04,3.829590696523891,0.1,ili perc,quantile
HHS Region 7,2017-02-18,2,2017-03-04,4.075586400294167,0.15,ili perc,quantile
HHS Region 7,2017-02-18,2,2017-03-04,4.173973101254775,0.2,ili perc,quantile
HHS Region 7,2017-02-18,2,2017-03-04,4.323502132909833,0.25,ili perc,quantile
HHS Region 7,2017-02-18,2,2017-03-04,4.432095533994329,0.3,ili perc,quantile
HHS Region 7,2017-02-18,2,2017-03-04,4.491689892716029,0.35,ili perc,quantile
HHS Region 7,2017-02-18,2,2017-03-04,4.612260184223134,0.4,ili perc,quantile
HHS Region 7,2017-02-18,2,2017-03-04,4.6809123202313305,0.45,ili perc,quantile
HHS Region 7,2017-02-18,2,2017-03-04,4.759844254611905,0.5,ili perc,quantile
HHS Region 7,2017-02-18,2,2017-03-04,4.982634063495728,0.55,ili perc,quantile
HHS Region 7,2017-02-18,2,2017-03-04,5.050286215746763,0.6,ili perc,quantile
HHS Region 7,2017-02-18,2,2017-03-04,5.142110526582139,0.65,ili perc,quantile
HHS Region 7,2017-02-18,2,2017-03-04,5.2980541540601225,0.7,ili perc,quantile
HHS Region 7,2017-02-18,2,2017-03-04,5.586127760725582,0.75,ili perc,quantile
HHS Region 7,2017-02-18,2,2017-03-04,5.663055887811189,0.8,ili perc,quantile
HHS Region 7,2017-02-18,2,2017-03-04,5.798893108476598,0.85,ili perc,quantile
HHS Region 7,2017-02-18,2,2017-03-04,6.106559306282144,0.9,ili perc,quantile
HHS Region 7,2017-02-18,2,2017-03-04,6.400873018253737,0.95,ili perc,quantile
HHS Region 7,2017-02-18,2,2017-03-04,6.653516343552683,0.975,ili perc,quantile
HHS Region 7,2017-02-18,2,2017-03-04,7.374075138854266,0.99,ili perc,quantile
HHS Region 7,2017-02-18,3,2017-03-11,2.7417667674781296,0.01,ili perc,quantile
HHS Region 7,2017-02-18,3,2017-03-11,2.82832722195185,0.025,ili perc,quantile
HHS Region 7,2017-02-18,3,2017-03-11,3.145648958386869,0.05,ili perc,quantile
HHS Region 7,2017-02-18,3,2017-03-11,3.444771916308029,0.1,ili perc,quantile
HHS Region 7,2017-02-18,3,2017-03-11,3.7562428512748425,0.15,ili perc,quantile
HHS Region 7,2017-02-18,3,2017-03-11,3.874893907621334,0.2,ili perc,quantile
HHS Region 7,2017-02-18,3,2017-03-11,3.9884513660603003,0.25,ili perc,quantile
HHS Region 7,2017-02-18,3,2017-03-11,4.095668423442988,0.3,ili perc,quantile
HHS Region 7,2017-02-18,3,2017-03-11,4.228759015563104,0.35,ili perc,quantile
HHS Region 7,2017-02-18,3,2017-03-11,4.322104082941323,0.4,ili perc,quantile
HHS Region 7,2017-02-18,3,2017-03-11,4.361153306978872,0.45,ili perc,quantile
HHS Region 7,2017-02-18,3,2017-03-11,4.482435376210742,0.5,ili perc,quantile
HHS Region 7,2017-02-18,3,2017-03-11,4.608431024620028,0.55,ili perc,quantile
HHS Region 7,2017-02-18,3,2017-03-11,4.884881301017766,0.6,ili perc,quantile
HHS Region 7,2017-02-18,3,2017-03-11,5.14189254616022,0.65,ili perc,quantile
HHS Region 7,2017-02-18,3,2017-03-11,5.290595866331426,0.7,ili perc,quantile
HHS Region 7,2017-02-18,3,2017-03-11,5.610809601363703,0.75,ili perc,quantile
HHS Region 7,2017-02-18,3,2017-03-11,5.7942945619860415,0.8,ili perc,quantile
HHS Region 7,2017-02-18,3,2017-03-11,6.0479448101800255,0.85,ili perc,quantile
HHS Region 7,2017-02-18,3,2017-03-11,6.383833473359327,0.9,ili perc,quantile
HHS Region 7,2017-02-18,3,2017-03-11,6.555119733365913,0.95,ili perc,quantile
HHS Region 7,2017-02-18,3,2017-03-11,6.69930148423554,0.975,ili perc,quantile
HHS Region 7,2017-02-18,3,2017-03-11,7.535919587215539,0.99,ili perc,quantile
HHS Region 7,2017-02-18,4,2017-03-18,2.39360001646467,0.01,ili perc,quantile
HHS Region 7,2017-02-18,4,2017-03-18,2.4689778037653656,0.025,ili perc,quantile
HHS Region 7,2017-02-18,4,2017-03-18,2.708940854629068,0.05,ili perc,quantile
HHS Region 7,2017-02-18,4,2017-03-18,2.994307147827238,0.1,ili perc,quantile
HHS Region 7,2017-02-18,4,2017-03-18,3.1637750553925064,0.15,ili perc,quantile
HHS Region 7,2017-02-18,4,2017-03-18,3.404345206148108,0.2,ili perc,quantile
HHS Region 7,2017-02-18,4,2017-03-18,3.673040975946825,0.25,ili perc,quantile
HHS Region 7,2017-02-18,4,2017-03-18,3.8531900389510247,0.3,ili perc,quantile
HHS Region 7,2017-02-18,4,2017-03-18,3.928833073771266,0.35,ili perc,quantile
HHS Region 7,2017-02-18,4,2017-03-18,3.9873122918701993,0.4,ili perc,quantile
HHS Region 7,2017-02-18,4,2017-03-18,4.038754614608151,0.45,ili perc,quantile
HHS Region 7,2017-02-18,4,2017-03-18,4.229122346992437,0.5,ili perc,quantile
HHS Region 7,2017-02-18,4,2017-03-18,4.378860143524098,0.55,ili perc,quantile
HHS Region 7,2017-02-18,4,2017-03-18,4.721059298826213,0.6,ili perc,quantile
HHS Region 7,2017-02-18,4,2017-03-18,4.809802128954719,0.65,ili perc,quantile
HHS Region 7,2017-02-18,4,2017-03-18,4.872579710251554,0.7,ili perc,quantile
HHS Region 7,2017-02-18,4,2017-03-18,5.411294187088123,0.75,ili perc,quantile
HHS Region 7,2017-02-18,4,2017-03-18,5.685265739350055,0.8,ili perc,quantile
HHS Region 7,2017-02-18,4,2017-03-18,6.06132803132925,0.85,ili perc,quantile
HHS Region 7,2017-02-18,4,2017-03-18,6.768510222498069,0.9,ili perc,quantile
HHS Region 7,2017-02-18,4,2017-03-18,7.1131308779908595,0.95,ili perc,quantile
HHS Region 7,2017-02-18,4,2017-03-18,7.751385303274703,0.975,ili perc,quantile
HHS Region 7,2017-02-18,4,2017-03-18,8.044988017842073,0.99,ili perc,quantile
HHS Region 8,2017-02-18,1,2017-02-25,2.284988275142032,0.01,ili perc,quantile
HHS Region 8,2017-02-18,1,2017-02-25,2.3221518133863004,0.025,ili perc,quantile
HHS Region 8,2017-02-18,1,2017-02-25,2.3956096755875405,0.05,ili perc,quantile
HHS Region 8,2017-02-18,1,2017-02-25,2.6220405478602866,0.1,ili perc,quantile
HHS Region 8,2017-02-18,1,2017-02-25,2.7761123384146016,0.15,ili perc,quantile
HHS Region 8,2017-02-18,1,2017-02-25,2.841669134259448,0.2,ili perc,quantile
HHS Region 8,2017-02-18,1,2017-02-25,2.960343618134474,0.25,ili perc,quantile
HHS Region 8,2017-02-18,1,2017-02-25,2.996916703753793,0.3,ili perc,quantile
HHS Region 8,2017-02-18,1,2017-02-25,3.04076506233655,0.35,ili perc,quantile
HHS Region 8,2017-02-18,1,2017-02-25,3.052476796684949,0.4,ili perc,quantile
HHS Region 8,2017-02-18,1,2017-02-25,3.088445973201767,0.45,ili perc,quantile
HHS Region 8,2017-02-18,1,2017-02-25,3.113026665079939,0.5,ili perc,quantile
HHS Region 8,2017-02-18,1,2017-02-25,3.1242604043731657,0.55,ili perc,quantile
HHS Region 8,2017-02-18,1,2017-02-25,3.1658556718395996,0.6,ili perc,quantile
HHS Region 8,2017-02-18,1,2017-02-25,3.1912230703546327,0.65,ili perc,quantile
HHS Region 8,2017-02-18,1,2017-02-25,3.2391111225174702,0.7,ili perc,quantile
HHS Region 8,2017-02-18,1,2017-02-25,3.2807075563901553,0.75,ili perc,quantile
HHS Region 8,2017-02-18,1,2017-02-25,3.3740124064916808,0.8,ili perc,quantile
HHS Region 8,2017-02-18,1,2017-02-25,3.5108028863859473,0.85,ili perc,quantile
HHS Region 8,2017-02-18,1,2017-02-25,3.654374584776947,0.9,ili perc,quantile
HHS Region 8,2017-02-18,1,2017-02-25,3.815959873963169,0.95,ili perc,quantile
HHS Region 8,2017-02-18,1,2017-02-25,4.209917699581548,0.975,ili perc,quantile
HHS Region 8,2017-02-18,1,2017-02-25,4.431992472366027,0.99,ili perc,quantile
HHS Region 8,2017-02-18,2,2017-03-04,2.0223002275431714,0.01,ili perc,quantile
HHS Region 8,2017-02-18,2,2017-03-04,2.128913733967992,0.025,ili perc,quantile
HHS Region 8,2017-02-18,2,2017-03-04,2.5426242568016257,0.05,ili perc,quantile
HHS Region 8,2017-02-18,2,2017-03-04,2.676952425130044,0.1,ili perc,quantile
HHS Region 8,2017-02-18,2,2017-03-04,2.8777682387156,0.15,ili perc,quantile
HHS Region 8,2017-02-18,2,2017-03-04,3.0018847405924456,0.2,ili perc,quantile
HHS Region 8,2017-02-18,2,2017-03-04,3.109924545281519,0.25,ili perc,quantile
HHS Region 8,2017-02-18,2,2017-03-04,3.1744440623675327,0.3,ili perc,quantile
HHS Region 8,2017-02-18,2,2017-03-04,3.291329362150376,0.35,ili perc,quantile
HHS Region 8,2017-02-18,2,2017-03-04,3.3655710109111276,0.4,ili perc,quantile
HHS Region 8,2017-02-18,2,2017-03-04,3.424697398102989,0.45,ili perc,quantile
HHS Region 8,2017-02-18,2,2017-03-04,3.51300328072867,0.5,ili perc,quantile
HHS Region 8,2017-02-18,2,2017-03-04,3.552014624561987,0.55,ili perc,quantile
HHS Region 8,2017-02-18,2,2017-03-04,3.6071033691485486,0.6,ili perc,quantile
HHS Region 8,2017-02-18,2,2017-03-04,3.656441473088941,0.65,ili perc,quantile
HHS Region 8,2017-02-18,2,2017-03-04,3.757533843247422,0.7,ili perc,quantile
HHS Region 8,2017-02-18,2,2017-03-04,3.847582230117279,0.75,ili perc,quantile
HHS Region 8,2017-02-18,2,2017-03-04,3.9143620660169005,0.8,ili perc,quantile
HHS Region 8,2017-02-18,2,2017-03-04,4.096250528349677,0.85,ili perc,quantile
HHS Region 8,2017-02-18,2,2017-03-04,4.292904473773143,0.9,ili perc,quantile
HHS Region 8,2017-02-18,2,2017-03-04,4.99337851503065,0.95,ili perc,quantile
HHS Region 8,2017-02-18,2,2017-03-04,5.240031038767021,0.975,ili perc,quantile
HHS Region 8,2017-02-18,2,2017-03-04,5.5819383167717636,0.99,ili perc,quantile
HHS Region 8,2017-02-18,3,2017-03-11,2.0751394369461105,0.01,ili perc,quantile
HHS Region 8,2017-02-18,3,2017-03-11,2.2184506993170316,0.025,ili perc,quantile
HHS Region 8,2017-02-18,3,2017-03-11,2.333372828557896,0.05,ili perc,quantile
HHS Region 8,2017-02-18,3,2017-03-11,2.629415972719527,0.1,ili perc,quantile
HHS Region 8,2017-02-18,3,2017-03-11,2.7898454459314794,0.15,ili perc,quantile
HHS Region 8,2017-02-18,3,2017-03-11,2.8601171749463057,0.2,ili perc,quantile
HHS Region 8,2017-02-18,3,2017-03-11,2.9317556409640146,0.25,ili perc,quantile
HHS Region 8,2017-02-18,3,2017-03-11,3.177019079476073,0.3,ili perc,quantile
HHS Region 8,2017-02-18,3,2017-03-11,3.3172695402793924,0.35,ili perc,quantile
HHS Region 8,2017-02-18,3,2017-03-11,3.375514565348921,0.4,ili perc,quantile
HHS Region 8,2017-02-18,3,2017-03-11,3.4487856316318664,0.45,ili perc,quantile
HHS Region 8,2017-02-18,3,2017-03-11,3.5623298266365233,0.5,ili perc,quantile
HHS Region 8,2017-02-18,3,2017-03-11,3.648425607506175,0.55,ili perc,quantile
HHS Region 8,2017-02-18,3,2017-03-11,3.7108360626153503,0.6,ili perc,quantile
HHS Region 8,2017-02-18,3,2017-03-11,3.8011027357503635,0.65,ili perc,quantile
HHS Region 8,2017-02-18,3,2017-03-11,3.864283978915941,0.7,ili perc,quantile
HHS Region 8,2017-02-18,3,2017-03-11,4.066411061544319,0.75,ili perc,quantile
HHS Region 8,2017-02-18,3,2017-03-11,4.220810492928267,0.8,ili perc,quantile
HHS Region 8,2017-02-18,3,2017-03-11,4.423026406844126,0.85,ili perc,quantile
HHS Region 8,2017-02-18,3,2017-03-11,4.563995176149599,0.9,ili perc,quantile
HHS Region 8,2017-02-18,3,2017-03-11,4.851817212996386,0.95,ili perc,quantile
HHS Region 8,2017-02-18,3,2017-03-11,5.547416029414045,0.975,ili perc,quantile
HHS Region 8,2017-02-18,3,2017-03-11,5.62832216680564,0.99,ili perc,quantile
HHS Region 8,2017-02-18,4,2017-03-18,1.9974394821257924,0.01,ili perc,quantile
HHS Region 8,2017-02-18,4,2017-03-18,2.149926946051485,0.025,ili perc,quantile
HHS Region 8,2017-02-18,4,2017-03-18,2.365573806822586,0.05,ili perc,quantile
HHS Region 8,2017-02-18,4,2017-03-18,2.517501659214364,0.1,ili perc,quantile
HHS Region 8,2017-02-18,4,2017-03-18,2.8446685243557743,0.15,ili perc,quantile
HHS Region 8,2017-02-18,4,2017-03-18,2.9080064273053523,0.2,ili perc,quantile
HHS Region 8,2017-02-18,4,2017-03-18,3.0025634838733586,0.25,ili perc,quantile
HHS Region 8,2017-02-18,4,2017-03-18,3.0614778376305316,0.3,ili perc,quantile
HHS Region 8,2017-02-18,4,2017-03-18,3.222052756877973,0.35,ili perc,quantile
HHS Region 8,2017-02-18,4,2017-03-18,3.3739497140170935,0.4,ili perc,quantile
HHS Region 8,2017-02-18,4,2017-03-18,3.4223223282659436,0.45,ili perc,quantile
HHS Region 8,2017-02-18,4,2017-03-18,3.469016125062504,0.5,ili perc,quantile
HHS Region 8,2017-02-18,4,2017-03-18,3.5931350810734153,0.55,ili perc,quantile
HHS Region 8,2017-02-18,4,2017-03-18,3.7065938838536407,0.6,ili perc,quantile
HHS Region 8,2017-02-18,4,2017-03-18,3.831561586134466,0.65,ili perc,quantile
HHS Region 8,2017-02-18,4,2017-03-18,3.967831910309799,0.7,ili perc,quantile
HHS Region 8,2017-02-18,4,2017-03-18,4.242591987334418,0.75,ili perc,quantile
HHS Region 8,2017-02-18,4,2017-03-18,4.409767223730495,0.8,ili perc,quantile
HHS Region 8,2017-02-18,4,2017-03-18,4.539340672024161,0.85,ili perc,quantile
HHS Region 8,2017-02-18,4,2017-03-18,4.751302511258716,0.9,ili perc,quantile
HHS Region 8,2017-02-18,4,2017-03-18,5.462915798783621,0.95,ili perc,quantile
HHS Region 8,2017-02-18,4,2017-03-18,5.956991355441358,0.975,ili perc,quantile
HHS Region 8,2017-02-18,4,2017-03-18,6.548712556470281,0.99,ili perc,quantile
HHS Region 9,2017-02-18,1,2017-02-25,1.591133328218507,0.01,ili perc,quantile
HHS Region 9,2017-02-18,1,2017-02-25,1.817826360629582,0.025,ili perc,quantile
HHS Region 9,2017-02-18,1,2017-02-25,1.8494351050425468,0.05,ili perc,quantile
HHS Region 9,2017-02-18,1,2017-02-25,2.350271000531389,0.1,ili perc,quantile
HHS Region 9,2017-02-18,1,2017-02-25,2.501952633466187,0.15,ili perc,quantile
HHS Region 9,2017-02-18,1,2017-02-25,2.53713650094535,0.2,ili perc,quantile
HHS Region 9,2017-02-18,1,2017-02-25,2.6170558394759618,0.25,ili perc,quantile
HHS Region 9,2017-02-18,1,2017-02-25,2.654681943868486,0.3,ili perc,quantile
HHS Region 9,2017-02-18,1,2017-02-25,2.736415824127412,0.35,ili perc,quantile
HHS Region 9,2017-02-18,1,2017-02-25,2.8004946589152504,0.4,ili perc,quantile
HHS Region 9,2017-02-18,1,2017-02-25,2.8771014862568776,0.45,ili perc,quantile
HHS Region 9,2017-02-18,1,2017-02-25,2.8880263895453377,0.5,ili perc,quantile
HHS Region 9,2017-02-18,1,2017-02-25,2.92848920360747,0.55,ili perc,quantile
HHS Region 9,2017-02-18,1,2017-02-25,2.9782819409689787,0.6,ili perc,quantile
HHS Region 9,2017-02-18,1,2017-02-25,2.9988064998149624,0.65,ili perc,quantile
HHS Region 9,2017-02-18,1,2017-02-25,3.038741788111971,0.7,ili perc,quantile
HHS Region 9,2017-02-18,1,2017-02-25,3.133509709016042,0.75,ili perc,quantile
HHS Region 9,2017-02-18,1,2017-02-25,3.204253820305765,0.8,ili perc,quantile
HHS Region 9,2017-02-18,1,2017-02-25,3.2887854719732648,0.85,ili perc,quantile
HHS Region 9,2017-02-18,1,2017-02-25,3.385117427492654,0.9,ili perc,quantile
HHS Region 9,2017-02-18,1,2017-02-25,3.5981774864856733,0.95,ili perc,quantile
HHS Region 9,2017-02-18,1,2017-02-25,3.691178550789623,0.975,ili perc,quantile
HHS Region 9,2017-02-18,1,2017-02-25,3.731004948203496,0.99,ili perc,quantile
HHS Region 9,2017-02-18,2,2017-03-04,1.5515739228577399,0.01,ili perc,quantile
HHS Region 9,2017-02-18,2,2017-03-04,1.9348727399746946,0.025,ili perc,quantile
HHS Region 9,2017-02-18,2,2017-03-04,2.1609386911964448,0.05,ili perc,quantile
HHS Region 9,2017-02-18,2,2017-03-04,2.308238598547833,0.1,ili perc,quantile
HHS Region 9,2017-02-18,2,2017-03-04,2.560332778730714,0.15,ili perc,quantile
HHS Region 9,2017-02-18,2,2017-03-04,2.694480728233764,0.2,ili perc,quantile
HHS Region 9,2017-02-18,2,2017-03-04,2.7831902793169085,0.25,ili perc,quantile
HHS Region 9,2017-02-18,2,2017-03-04,2.8796488130573508,0.3,ili perc,quantile
HHS Region 9,2017-02-18,2,2017-03-04,2.9511316526890345,0.35,ili perc,quantile
HHS Region 9,2017-02-18,2,2017-03-04,3.05814872329782,0.4,ili perc,quantile
HHS Region 9,2017-02-18,2,2017-03-04,3.1086043253635505,0.45,ili perc,quantile
HHS Region 9,2017-02-18,2,2017-03-04,3.2074603692582166,0.5,ili perc,quantile
HHS Region 9,2017-02-18,2,2017-03-04,3.2355451675458933,0.55,ili perc,quantile
HHS Region 9,2017-02-18,2,2017-03-04,3.2937843763815606,0.6,ili perc,quantile
HHS Region 9,2017-02-18,2,2017-03-04,3.346530659156046,0.65,ili perc,quantile
HHS Region 9,2017-02-18,2,2017-03-04,3.3925505344975178,0.7,ili perc,quantile
HHS Region 9,2017-02-18,2,2017-03-04,3.52060601071873,0.75,ili perc,quantile
HHS Region 9,2017-02-18,2,2017-03-04,3.5814709994204743,0.8,ili perc,quantile
HHS Region 9,2017-02-18,2,2017-03-04,3.6834310285420093,0.85,ili perc,quantile
HHS Region 9,2017-02-18,2,2017-03-04,3.8303823878692644,0.9,ili perc,quantile
HHS Region 9,2017-02-18,2,2017-03-04,4.32440821003531,0.95,ili perc,quantile
HHS Region 9,2017-02-18,2,2017-03-04,4.598132989781676,0.975,ili perc,quantile
HHS Region 9,2017-02-18,2,2017-03-04,5.001187300964299,0.99,ili perc,quantile
HHS Region 9,2017-02-18,3,2017-03-11,1.374864482330979,0.01,ili perc,quantile
HHS Region 9,2017-02-18,3,2017-03-11,1.600308164473872,0.025,ili perc,quantile
HHS Region 9,2017-02-18,3,2017-03-11,2.120105354304558,0.05,ili perc,quantile
HHS Region 9,2017-02-18,3,2017-03-11,2.5026338223607993,0.1,ili perc,quantile
HHS Region 9,2017-02-18,3,2017-03-11,2.7545985182914334,0.15,ili perc,quantile
HHS Region 9,2017-02-18,3,2017-03-11,2.9515090953821033,0.2,ili perc,quantile
HHS Region 9,2017-02-18,3,2017-03-11,3.091170462982935,0.25,ili perc,quantile
HHS Region 9,2017-02-18,3,2017-03-11,3.1657517173535843,0.3,ili perc,quantile
HHS Region 9,2017-02-18,3,2017-03-11,3.26383154556384,0.35,ili perc,quantile
HHS Region 9,2017-02-18,3,2017-03-11,3.4023150550548973,0.4,ili perc,quantile
HHS Region 9,2017-02-18,3,2017-03-11,3.44732775649045,0.45,ili perc,quantile
HHS Region 9,2017-02-18,3,2017-03-11,3.569842157379813,0.5,ili perc,quantile
HHS Region 9,2017-02-18,3,2017-03-11,3.709114855231206,0.55,ili perc,quantile
HHS Region 9,2017-02-18,3,2017-03-11,3.7816322851675443,0.6,ili perc,quantile
HHS Region 9,2017-02-18,3,2017-03-11,3.8994158630332185,0.65,ili perc,quantile
HHS Region 9,2017-02-18,3,2017-03-11,3.9618209623609415,0.7,ili perc,quantile
HHS Region 9,2017-02-18,3,2017-03-11,4.099101952208806,0.75,ili perc,quantile
HHS Region 9,2017-02-18,3,2017-03-11,4.179752495142096,0.8,ili perc,quantile
HHS Region 9,2017-02-18,3,2017-03-11,4.287919286575666,0.85,ili perc,quantile
HHS Region 9,2017-02-18,3,2017-03-11,4.4741771433380535,0.9,ili perc,quantile
HHS Region 9,2017-02-18,3,2017-03-11,4.789311483955493,0.95,ili perc,quantile
HHS Region 9,2017-02-18,3,2017-03-11,5.304143949458829,0.975,ili perc,quantile
HHS Region 9,2017-02-18,3,2017-03-11,5.613169786461485,0.99,ili perc,quantile
HHS Region 9,2017-02-18,4,2017-03-18,1.3872142399790046,0.01,ili perc,quantile
HHS Region 9,2017-02-18,4,2017-03-18,1.9663761919331681,0.025,ili perc,quantile
HHS Region 9,2017-02-18,4,2017-03-18,2.204042907396673,0.05,ili perc,quantile
HHS Region 9,2017-02-18,4,2017-03-18,2.4604418445677423,0.1,ili perc,quantile
HHS Region 9,2017-02-18,4,2017-03-18,2.7828410754698933,0.15,ili perc,quantile
HHS Region 9,2017-02-18,4,2017-03-18,3.001751608728124,0.2,ili perc,quantile
HHS Region 9,2017-02-18,4,2017-03-18,3.141316316007586,0.25,ili perc,quantile
HHS Region 9,2017-02-18,4,2017-03-18,3.314602313454672,0.3,ili perc,quantile
HHS Region 9,2017-02-18,4,2017-03-18,3.354746332146602,0.35,ili perc,quantile
HHS Region 9,2017-02-18,4,2017-03-18,3.534999430867638,0.4,ili perc,quantile
HHS Region 9,2017-02-18,4,2017-03-18,3.5950046290679296,0.45,ili perc,quantile
HHS Region 9,2017-02-18,4,2017-03-18,3.7281910637475173,0.5,ili perc,quantile
HHS Region 9,2017-02-18,4,2017-03-18,3.778579549236876,0.55,ili perc,quantile
HHS Region 9,2017-02-18,4,2017-03-18,3.8849205436484584,0.6,ili perc,quantile
HHS Region 9,2017-02-18,4,2017-03-18,3.9402622035211774,0.65,ili perc,quantile
HHS Region 9,2017-02-18,4,2017-03-18,4.129713650532002,0.7,ili perc,quantile
HHS Region 9,2017-02-18,4,2017-03-18,4.295105088238506,0.75,ili perc,quantile
HHS Region 9,2017-02-18,4,2017-03-18,4.664586446948899,0.8,ili perc,quantile
HHS Region 9,2017-02-18,4,2017-03-18,4.836190655263454,0.85,ili perc,quantile
HHS Region 9,2017-02-18,4,2017-03-18,5.100030237464358,0.9,ili perc,quantile
HHS Region 9,2017-02-18,4,2017-03-18,5.315681601626106,0.95,ili perc,quantile
HHS Region 9,2017-02-18,4,2017-03-18,5.827518402686881,0.975,ili perc,quantile
HHS Region 9,2017-02-18,4,2017-03-18,5.9319406695853525,0.99,ili perc,quantile
US National,2017-02-18,1,2017-02-25,4.242511112190635,0.01,ili perc,quantile
US National,2017-02-18,1,2017-02-25,4.2955951393315575,0.025,ili perc,quantile
US National,2017-02-18,1,2017-02-25,4.393887407525571,0.05,ili perc,quantile
US National,2017-02-18,1,2017-02-25,4.575748864832569,0.1,ili perc,quantile
US National,2017-02-18,1,2017-02-25,4.641811324207841,0.15,ili perc,quantile
US National,2017-02-18,1,2017-02-25,4.662795739976857,0.2,ili perc,quantile
US National,2017-02-18,1,2017-02-25,4.713361869309275,0.25,ili perc,quantile
US National,2017-02-18,1,2017-02-25,4.779912912028055,0.3,ili perc,quantile
US National,2017-02-18,1,2017-02-25,4.846642608594813,0.35,ili perc,quantile
US National,2017-02-18,1,2017-02-25,4.902271691312878,0.4,ili perc,quantile
US National,2017-02-18,1,2017-02-25,4.93403031072469,0.45,ili perc,quantile
US National,2017-02-18,1,2017-02-25,4.969466372996917,0.5,ili perc,quantile
US National,2017-02-18,1,2017-02-25,5.001629795749476,0.55,ili perc,quantile
US National,2017-02-18,1,2017-02-25,5.034729907725467,0.6,ili perc,quantile
US National,2017-02-18,1,2017-02-25,5.099398241746081,0.65,ili perc,quantile
US National,2017-02-18,1,2017-02-25,5.147375590742045,0.7,ili perc,quantile
US National,2017-02-18,1,2017-02-25,5.167668344355133,0.75,ili perc,quantile
US National,2017-02-18,1,2017-02-25,5.222568336435828,0.8,ili perc,quantile
US National,2017-02-18,1,2017-02-25,5.272221618182793,0.85,ili perc,quantile
US National,2017-02-18,1,2017-02-25,5.329249013955337,0.9,ili perc,quantile
US National,2017-02-18,1,2017-02-25,5.4560320888656975,0.95,ili perc,quantile
US National,2017-02-18,1,2017-02-25,5.554697224262627,0.975,ili perc,quantile
US National,2017-02-18,1,2017-02-25,5.745110225357009,0.99,ili perc,quantile
US National,2017-02-18,2,2017-03-04,3.608192543926238,0.01,ili perc,quantile
US National,2017-02-18,2,2017-03-04,3.748783268222809,0.025,ili perc,quantile
US National,2017-02-18,2,2017-03-04,3.8862834376451376,0.05,ili perc,quantile
US National,2017-02-18,2,2017-03-04,4.088364883488177,0.1,ili perc,quantile
US National,2017-02-18,2,2017-03-04,4.2646316900003844,0.15,ili perc,quantile
US National,2017-02-18,2,2017-03-04,4.370422319333774,0.2,ili perc,quantile
US National,2017-02-18,2,2017-03-04,4.4710691205899415,0.25,ili perc,quantile
US National,2017-02-18,2,2017-03-04,4.513267123126851,0.3,ili perc,quantile
US National,2017-02-18,2,2017-03-04,4.589408511795815,0.35,ili perc,quantile
US National,2017-02-18,2,2017-03-04,4.650137749688571,0.4,ili perc,quantile
US National,2017-02-18,2,2017-03-04,4.712270429938356,0.45,ili perc,quantile
US National,2017-02-18,2,2017-03-04,4.761378361044276,0.5,ili perc,quantile
US National,2017-02-18,2,2017-03-04,4.81872083396765,0.55,ili perc,quantile
US National,2017-02-18,2,2017-03-04,4.864615131943372,0.6,ili perc,quantile
US National,2017-02-18,2,2017-03-04,4.956206727319601,0.65,ili perc,quantile
US National,2017-02-18,2,2017-03-04,5.042232506216338,0.7,ili perc,quantile
US National,2017-02-18,2,2017-03-04,5.125297351437158,0.75,ili perc,quantile
US National,2017-02-18,2,2017-03-04,5.2552825231809495,0.8,ili perc,quantile
US National,2017-02-18,2,2017-03-04,5.3364489446696926,0.85,ili perc,quantile
US National,2017-02-18,2,2017-03-04,5.468640257164438,0.9,ili perc,quantile
US National,2017-02-18,2,2017-03-04,5.858927338799454,0.95,ili perc,quantile
US National,2017-02-18,2,2017-03-04,5.95988536445066,0.975,ili perc,quantile
US National,2017-02-18,2,2017-03-04,6.24131182781091,0.99,ili perc,quantile
US National,2017-02-18,3,2017-03-11,2.9202508198373915,0.01,ili perc,quantile
US National,2017-02-18,3,2017-03-11,3.1867283567486497,0.025,ili perc,quantile
US National,2017-02-18,3,2017-03-11,3.3588257667568584,0.05,ili perc,quantile
US National,2017-02-18,3,2017-03-11,3.8428267773199014,0.1,ili perc,quantile
US National,2017-02-18,3,2017-03-11,3.9820331102320554,0.15,ili perc,quantile
US National,2017-02-18,3,2017-03-11,4.110502895631229,0.2,ili perc,quantile
US National,2017-02-18,3,2017-03-11,4.26311647859667,0.25,ili perc,quantile
US National,2017-02-18,3,2017-03-11,4.341101652909865,0.3,ili perc,quantile
US National,2017-02-18,3,2017-03-11,4.433933035352321,0.35,ili perc,quantile
US National,2017-02-18,3,2017-03-11,4.488385301992234,0.4,ili perc,quantile
US National,2017-02-18,3,2017-03-11,4.531587082199723,0.45,ili perc,quantile
US National,2017-02-18,3,2017-03-11,4.580994230285855,0.5,ili perc,quantile
US National,2017-02-18,3,2017-03-11,4.648235367584029,0.55,ili perc,quantile
US National,2017-02-18,3,2017-03-11,4.6969208191240215,0.6,ili perc,quantile
US National,2017-02-18,3,2017-03-11,4.862392146219696,0.65,ili perc,quantile
US National,2017-02-18,3,2017-03-11,5.100543213072291,0.7,ili perc,quantile
US National,2017-02-18,3,2017-03-11,5.196330471707365,0.75,ili perc,quantile
US National,2017-02-18,3,2017-03-11,5.291579718766268,0.8,ili perc,quantile
US National,2017-02-18,3,2017-03-11,5.433612553348088,0.85,ili perc,quantile
US National,2017-02-18,3,2017-03-11,5.654742914623348,0.9,ili perc,quantile
US National,2017-02-18,3,2017-03-11,6.121924339709588,0.95,ili perc,quantile
US National,2017-02-18,3,2017-03-11,6.51310960671212,0.975,ili perc,quantile
US National,2017-02-18,3,2017-03-11,6.684749351686792,0.99,ili perc,quantile
US National,2017-02-18,4,2017-03-18,2.472932246718261,0.01,ili perc,quantile
US National,2017-02-18,4,2017-03-18,2.7730769669312627,0.025,ili perc,quantile
US National,2017-02-18,4,2017-03-18,3.0021068092901153,0.05,ili perc,quantile
US National,2017-02-18,4,2017-03-18,3.2898336293570085,0.1,ili perc,quantile
US National,2017-02-18,4,2017-03-18,3.546445575330094,0.15,ili perc,quantile
US National,2017-02-18,4,2017-03-18,3.707996738002261,0.2,ili perc,quantile
US National,2017-02-18,4,2017-03-18,3.876673847160216,0.25,ili perc,quantile
US National,2017-02-18,4,2017-03-18,3.9373557327760644,0.3,ili perc,quantile
US National,2017-02-18,4,2017-03-18,4.046053093170747,0.35,ili perc,quantile
US National,2017-02-18,4,2017-03-18,4.311737406051676,0.4,ili perc,quantile
US National,2017-02-18,4,2017-03-18,4.390184852432051,0.45,ili perc,quantile
US National,2017-02-18,4,2017-03-18,4.484511903238534,0.5,ili perc,quantile
US National,2017-02-18,4,2017-03-18,4.534015321311313,0.55,ili perc,quantile
US National,2017-02-18,4,2017-03-18,4.630515205517644,0.6,ili perc,quantile
US National,2017-02-18,4,2017-03-18,4.75863332266348,0.65,ili perc,quantile
US National,2017-02-18,4,2017-03-18,4.972135245732886,0.7,ili perc,quantile
US National,2017-02-18,4,2017-03-18,5.211312838048559,0.75,ili perc,quantile
US National,2017-02-18,4,2017-03-18,5.311764026147678,0.8,ili perc,quantile
US National,2017-02-18,4,2017-03-18,5.610584308748637,0.85,ili perc,quantile
US National,2017-02-18,4,2017-03-18,5.89410066418039,0.9,ili perc,quantile
US National,2017-02-18,4,2017-03-18,6.341963535518314,0.95,ili perc,quantile
US National,2017-02-18,4,2017-03-18,6.8784367332896865,0.975,ili perc,quantile
US National,2017-02-18,4,2017-03-18,6.994724127499911,0.99,ili perc,quantile
