"origin_date","location","target","horizon","target_end_date","output_type","output_type_id","value"
2018-02-24,"US National","ili perc",1,2018-03-03,"quantile",0.01,3.4812417799663398
2018-02-24,"US National","ili perc",1,2018-03-03,"quantile",0.025,3.730128346013586
2018-02-24,"US National","ili perc",1,2018-03-03,"quantile",0.05,3.8869002767372485
2018-02-24,"US National","ili perc",1,2018-03-03,"quantile",0.1,4.023557116198043
2018-02-24,"US National","ili perc",1,2018-03-03,"quantile",0.15,4.1295492323745115
2018-02-24,"US National","ili perc",1,2018-03-03,"quantile",0.2,4.21961835845091
2018-02-24,"US National","ili perc",1,2018-03-03,"quantile",0.25,4.287520993572502
2018-02-24,"US National","ili perc",1,2018-03-03,"quantile",0.3,4.3611129855498545
2018-02-24,"US National","ili perc",1,2018-03-03,"quantile",0.35,4.417414952767435
2018-02-24,"US National","ili perc",1,2018-03-03,"quantile",0.4,4.4898046132843445
2018-02-24,"US National","ili perc",1,2018-03-03,"quantile",0.45,4.555546185763892
2018-02-24,"US National","ili perc",1,2018-03-03,"quantile",0.5,4.603859430149322
2018-02-24,"US National","ili perc",1,2018-03-03,"quantile",0.55,4.661496236571185
2018-02-24,"US National","ili perc",1,2018-03-03,"quantile",0.6,4.727963133289357
2018-02-24,"US National","ili perc",1,2018-03-03,"quantile",0.65,4.785232617027371
2018-02-24,"US National","ili perc",1,2018-03-03,"quantile",0.7,4.858741854996008
2018-02-24,"US National","ili perc",1,2018-03-03,"quantile",0.75,4.938313630812519
2018-02-24,"US National","ili perc",1,2018-03-03,"quantile",0.8,5.039479367612987
2018-02-24,"US National","ili perc",1,2018-03-03,"quantile",0.85,5.162731043175999
2018-02-24,"US National","ili perc",1,2018-03-03,"quantile",0.9,5.33553488008718
2018-02-24,"US National","ili perc",1,2018-03-03,"quantile",0.95,5.583877450522362
2018-02-24,"US National","ili perc",1,2018-03-03,"quantile",0.975,5.795295051800373
2018-02-24,"US National","ili perc",1,2018-03-03,"quantile",0.99,6.11149566212801
2018-02-24,"US National","ili perc",2,2018-03-10,"quantile",0.01,2.8988500840026825
2018-02-24,"US National","ili perc",2,2018-03-10,"quantile",0.025,3.13545579466831
2018-02-24,"US National","ili perc",2,2018-03-10,"quantile",0.05,3.268549236581729
2018-02-24,"US National","ili perc",2,2018-03-10,"quantile",0.1,3.4149792837257564
2018-02-24,"US National","ili perc",2,2018-03-10,"quantile",0.15,3.5238832152237007
2018-02-24,"US National","ili perc",2,2018-03-10,"quantile",0.2,3.634412521561329
2018-02-24,"US National","ili perc",2,2018-03-10,"quantile",0.25,3.7003967540267224
2018-02-24,"US National","ili perc",2,2018-03-10,"quantile",0.3,3.7768103970723
2018-02-24,"US National","ili perc",2,2018-03-10,"quantile",0.35,3.8460431470841283
2018-02-24,"US National","ili perc",2,2018-03-10,"quantile",0.4,3.9141387437774084
2018-02-24,"US National","ili perc",2,2018-03-10,"quantile",0.45,3.9829740665800077
2018-02-24,"US National","ili perc",2,2018-03-10,"quantile",0.5,4.055877891262621
2018-02-24,"US National","ili perc",2,2018-03-10,"quantile",0.55,4.129274527434215
2018-02-24,"US National","ili perc",2,2018-03-10,"quantile",0.6,4.200750203344794
2018-02-24,"US National","ili perc",2,2018-03-10,"quantile",0.65,4.281885430162679
2018-02-24,"US National","ili perc",2,2018-03-10,"quantile",0.7,4.3780071006811525
2018-02-24,"US National","ili perc",2,2018-03-10,"quantile",0.75,4.473387773858992
2018-02-24,"US National","ili perc",2,2018-03-10,"quantile",0.8,4.592042860029299
2018-02-24,"US National","ili perc",2,2018-03-10,"quantile",0.85,4.708904774599977
2018-02-24,"US National","ili perc",2,2018-03-10,"quantile",0.9,4.869834044360965
2018-02-24,"US National","ili perc",2,2018-03-10,"quantile",0.95,5.126736132116261
2018-02-24,"US National","ili perc",2,2018-03-10,"quantile",0.975,5.274110126066819
2018-02-24,"US National","ili perc",2,2018-03-10,"quantile",0.99,5.4558647248337415
2018-02-24,"US National","ili perc",3,2018-03-17,"quantile",0.01,2.45069010953963
2018-02-24,"US National","ili perc",3,2018-03-17,"quantile",0.025,2.5943801022945596
2018-02-24,"US National","ili perc",3,2018-03-17,"quantile",0.05,2.7629959258469823
2018-02-24,"US National","ili perc",3,2018-03-17,"quantile",0.1,2.9349778644267066
2018-02-24,"US National","ili perc",3,2018-03-17,"quantile",0.15,3.0673437159854817
2018-02-24,"US National","ili perc",3,2018-03-17,"quantile",0.2,3.148281399956654
2018-02-24,"US National","ili perc",3,2018-03-17,"quantile",0.25,3.237137344057145
2018-02-24,"US National","ili perc",3,2018-03-17,"quantile",0.3,3.3224606892637043
2018-02-24,"US National","ili perc",3,2018-03-17,"quantile",0.35,3.3926832397103452
2018-02-24,"US National","ili perc",3,2018-03-17,"quantile",0.4,3.4592543984446875
2018-02-24,"US National","ili perc",3,2018-03-17,"quantile",0.45,3.526763557473163
2018-02-24,"US National","ili perc",3,2018-03-17,"quantile",0.5,3.5963268962281485
2018-02-24,"US National","ili perc",3,2018-03-17,"quantile",0.55,3.67151082071007
2018-02-24,"US National","ili perc",3,2018-03-17,"quantile",0.6,3.7404500608164435
2018-02-24,"US National","ili perc",3,2018-03-17,"quantile",0.65,3.842176206266455
2018-02-24,"US National","ili perc",3,2018-03-17,"quantile",0.7,3.9173536271409652
2018-02-24,"US National","ili perc",3,2018-03-17,"quantile",0.75,4.0179902554638325
2018-02-24,"US National","ili perc",3,2018-03-17,"quantile",0.8,4.136249512305315
2018-02-24,"US National","ili perc",3,2018-03-17,"quantile",0.85,4.264943204726281
2018-02-24,"US National","ili perc",3,2018-03-17,"quantile",0.9,4.40997362646896
2018-02-24,"US National","ili perc",3,2018-03-17,"quantile",0.95,4.692319288595485
2018-02-24,"US National","ili perc",3,2018-03-17,"quantile",0.975,4.910199950622154
2018-02-24,"US National","ili perc",3,2018-03-17,"quantile",0.99,5.1185842628378575
2018-02-24,"US National","ili perc",4,2018-03-24,"quantile",0.01,2.0526948275786894
2018-02-24,"US National","ili perc",4,2018-03-24,"quantile",0.025,2.169472989889477
2018-02-24,"US National","ili perc",4,2018-03-24,"quantile",0.05,2.318551335814772
2018-02-24,"US National","ili perc",4,2018-03-24,"quantile",0.1,2.474633232775474
2018-02-24,"US National","ili perc",4,2018-03-24,"quantile",0.15,2.5895447370191254
2018-02-24,"US National","ili perc",4,2018-03-24,"quantile",0.2,2.710075077336336
2018-02-24,"US National","ili perc",4,2018-03-24,"quantile",0.25,2.771311834999958
2018-02-24,"US National","ili perc",4,2018-03-24,"quantile",0.3,2.850840994760554
2018-02-24,"US National","ili perc",4,2018-03-24,"quantile",0.35,2.910493313950126
2018-02-24,"US National","ili perc",4,2018-03-24,"quantile",0.4,2.995746185440422
2018-02-24,"US National","ili perc",4,2018-03-24,"quantile",0.45,3.0644184465480215
2018-02-24,"US National","ili perc",4,2018-03-24,"quantile",0.5,3.1238859497107567
2018-02-24,"US National","ili perc",4,2018-03-24,"quantile",0.55,3.191822826312516
2018-02-24,"US National","ili perc",4,2018-03-24,"quantile",0.6,3.2561749553593278
2018-02-24,"US National","ili perc",4,2018-03-24,"quantile",0.65,3.3173580407426515
2018-02-24,"US National","ili perc",4,2018-03-24,"quantile",0.7,3.400136016586702
2018-02-24,"US National","ili perc",4,2018-03-24,"quantile",0.75,3.500605150082061
2018-02-24,"US National","ili perc",4,2018-03-24,"quantile",0.8,3.6091495468757206
2018-02-24,"US National","ili perc",4,2018-03-24,"quantile",0.85,3.7333138975274074
2018-02-24,"US National","ili perc",4,2018-03-24,"quantile",0.9,3.903811978079318
2018-02-24,"US National","ili perc",4,2018-03-24,"quantile",0.95,4.159422116719513
2018-02-24,"US National","ili perc",4,2018-03-24,"quantile",0.975,4.436326066993327
2018-02-24,"US National","ili perc",4,2018-03-24,"quantile",0.99,4.825753557813165
2018-02-24,"HHS Region 1","ili perc",1,2018-03-03,"quantile",0.01,2.5924741317825526
2018-02-24,"HHS Region 1","ili perc",1,2018-03-03,"quantile",0.025,2.745599324772885
2018-02-24,"HHS Region 1","ili perc",1,2018-03-03,"quantile",0.05,2.9157358129627426
2018-02-24,"HHS Region 1","ili perc",1,2018-03-03,"quantile",0.1,3.167348606734856
2018-02-24,"HHS Region 1","ili perc",1,2018-03-03,"quantile",0.15,3.3298460276506128
2018-02-24,"HHS Region 1","ili perc",1,2018-03-03,"quantile",0.2,3.4675576857274457
2018-02-24,"HHS Region 1","ili perc",1,2018-03-03,"quantile",0.25,3.587909994753322
2018-02-24,"HHS Region 1","ili perc",1,2018-03-03,"quantile",0.3,3.7084168801095614
2018-02-24,"HHS Region 1","ili perc",1,2018-03-03,"quantile",0.35,3.8193984639961283
2018-02-24,"HHS Region 1","ili perc",1,2018-03-03,"quantile",0.4,3.922272500926587
2018-02-24,"HHS Region 1","ili perc",1,2018-03-03,"quantile",0.45,3.998562262295272
2018-02-24,"HHS Region 1","ili perc",1,2018-03-03,"quantile",0.5,4.1214634823082275
2018-02-24,"HHS Region 1","ili perc",1,2018-03-03,"quantile",0.55,4.2272060063333505
2018-02-24,"HHS Region 1","ili perc",1,2018-03-03,"quantile",0.6,4.314423589657643
2018-02-24,"HHS Region 1","ili perc",1,2018-03-03,"quantile",0.65,4.3969093111569935
2018-02-24,"HHS Region 1","ili perc",1,2018-03-03,"quantile",0.7,4.5422731189923535
2018-02-24,"HHS Region 1","ili perc",1,2018-03-03,"quantile",0.75,4.6599750974530565
2018-02-24,"HHS Region 1","ili perc",1,2018-03-03,"quantile",0.8,4.773979007201309
2018-02-24,"HHS Region 1","ili perc",1,2018-03-03,"quantile",0.85,4.950089136349091
2018-02-24,"HHS Region 1","ili perc",1,2018-03-03,"quantile",0.9,5.207849726310794
2018-02-24,"HHS Region 1","ili perc",1,2018-03-03,"quantile",0.95,5.629208191441596
2018-02-24,"HHS Region 1","ili perc",1,2018-03-03,"quantile",0.975,6.036313828251738
2018-02-24,"HHS Region 1","ili perc",1,2018-03-03,"quantile",0.99,6.83913567800098
2018-02-24,"HHS Region 1","ili perc",2,2018-03-10,"quantile",0.01,2.0581662473041606
2018-02-24,"HHS Region 1","ili perc",2,2018-03-10,"quantile",0.025,2.2450643775186196
2018-02-24,"HHS Region 1","ili perc",2,2018-03-10,"quantile",0.05,2.363859512089989
2018-02-24,"HHS Region 1","ili perc",2,2018-03-10,"quantile",0.1,2.585290567185103
2018-02-24,"HHS Region 1","ili perc",2,2018-03-10,"quantile",0.15,2.7422649160741623
2018-02-24,"HHS Region 1","ili perc",2,2018-03-10,"quantile",0.2,2.8817254366007847
2018-02-24,"HHS Region 1","ili perc",2,2018-03-10,"quantile",0.25,2.985977462746981
2018-02-24,"HHS Region 1","ili perc",2,2018-03-10,"quantile",0.3,3.1117516736056166
2018-02-24,"HHS Region 1","ili perc",2,2018-03-10,"quantile",0.35,3.227468356626284
2018-02-24,"HHS Region 1","ili perc",2,2018-03-10,"quantile",0.4,3.3382143715739345
2018-02-24,"HHS Region 1","ili perc",2,2018-03-10,"quantile",0.45,3.4499991909818872
2018-02-24,"HHS Region 1","ili perc",2,2018-03-10,"quantile",0.5,3.5366137589233704
2018-02-24,"HHS Region 1","ili perc",2,2018-03-10,"quantile",0.55,3.6447071891744396
2018-02-24,"HHS Region 1","ili perc",2,2018-03-10,"quantile",0.6,3.7731615498154762
2018-02-24,"HHS Region 1","ili perc",2,2018-03-10,"quantile",0.65,3.9097871425352624
2018-02-24,"HHS Region 1","ili perc",2,2018-03-10,"quantile",0.7,4.033572276976975
2018-02-24,"HHS Region 1","ili perc",2,2018-03-10,"quantile",0.75,4.164248300259665
2018-02-24,"HHS Region 1","ili perc",2,2018-03-10,"quantile",0.8,4.328408216360824
2018-02-24,"HHS Region 1","ili perc",2,2018-03-10,"quantile",0.85,4.5387225436976975
2018-02-24,"HHS Region 1","ili perc",2,2018-03-10,"quantile",0.9,4.832819894685418
2018-02-24,"HHS Region 1","ili perc",2,2018-03-10,"quantile",0.95,5.383590245390123
2018-02-24,"HHS Region 1","ili perc",2,2018-03-10,"quantile",0.975,5.873297718366308
2018-02-24,"HHS Region 1","ili perc",2,2018-03-10,"quantile",0.99,6.620961526193938
2018-02-24,"HHS Region 1","ili perc",3,2018-03-17,"quantile",0.01,1.5333023551515592
2018-02-24,"HHS Region 1","ili perc",3,2018-03-17,"quantile",0.025,1.768423743712314
2018-02-24,"HHS Region 1","ili perc",3,2018-03-17,"quantile",0.05,1.928607965467221
2018-02-24,"HHS Region 1","ili perc",3,2018-03-17,"quantile",0.1,2.1109143857650525
2018-02-24,"HHS Region 1","ili perc",3,2018-03-17,"quantile",0.15,2.2361243276931386
2018-02-24,"HHS Region 1","ili perc",3,2018-03-17,"quantile",0.2,2.3555137144967784
2018-02-24,"HHS Region 1","ili perc",3,2018-03-17,"quantile",0.25,2.513429183056579
2018-02-24,"HHS Region 1","ili perc",3,2018-03-17,"quantile",0.3,2.6139676063609247
2018-02-24,"HHS Region 1","ili perc",3,2018-03-17,"quantile",0.35,2.7119520805126527
2018-02-24,"HHS Region 1","ili perc",3,2018-03-17,"quantile",0.4,2.82313478507123
2018-02-24,"HHS Region 1","ili perc",3,2018-03-17,"quantile",0.45,2.9450560519181237
2018-02-24,"HHS Region 1","ili perc",3,2018-03-17,"quantile",0.5,3.0401560705812423
2018-02-24,"HHS Region 1","ili perc",3,2018-03-17,"quantile",0.55,3.1426125279043107
2018-02-24,"HHS Region 1","ili perc",3,2018-03-17,"quantile",0.6,3.2728742454469684
2018-02-24,"HHS Region 1","ili perc",3,2018-03-17,"quantile",0.65,3.4127487971309423
2018-02-24,"HHS Region 1","ili perc",3,2018-03-17,"quantile",0.7,3.5684512422054135
2018-02-24,"HHS Region 1","ili perc",3,2018-03-17,"quantile",0.75,3.693759415292714
2018-02-24,"HHS Region 1","ili perc",3,2018-03-17,"quantile",0.8,3.8472938127811354
2018-02-24,"HHS Region 1","ili perc",3,2018-03-17,"quantile",0.85,4.111445667709082
2018-02-24,"HHS Region 1","ili perc",3,2018-03-17,"quantile",0.9,4.418973736891948
2018-02-24,"HHS Region 1","ili perc",3,2018-03-17,"quantile",0.95,4.896307206256923
2018-02-24,"HHS Region 1","ili perc",3,2018-03-17,"quantile",0.975,5.383279958305849
2018-02-24,"HHS Region 1","ili perc",3,2018-03-17,"quantile",0.99,5.873430647744768
2018-02-24,"HHS Region 1","ili perc",4,2018-03-24,"quantile",0.01,1.2655861542404958
2018-02-24,"HHS Region 1","ili perc",4,2018-03-24,"quantile",0.025,1.4043476721695571
2018-02-24,"HHS Region 1","ili perc",4,2018-03-24,"quantile",0.05,1.5299706496122303
2018-02-24,"HHS Region 1","ili perc",4,2018-03-24,"quantile",0.1,1.7348248374959405
2018-02-24,"HHS Region 1","ili perc",4,2018-03-24,"quantile",0.15,1.8454869576586923
2018-02-24,"HHS Region 1","ili perc",4,2018-03-24,"quantile",0.2,1.954750866195833
2018-02-24,"HHS Region 1","ili perc",4,2018-03-24,"quantile",0.25,2.0515729289687514
2018-02-24,"HHS Region 1","ili perc",4,2018-03-24,"quantile",0.3,2.145275575499494
2018-02-24,"HHS Region 1","ili perc",4,2018-03-24,"quantile",0.35,2.2356132343774653
2018-02-24,"HHS Region 1","ili perc",4,2018-03-24,"quantile",0.4,2.3272625538773184
2018-02-24,"HHS Region 1","ili perc",4,2018-03-24,"quantile",0.45,2.406809937555287
2018-02-24,"HHS Region 1","ili perc",4,2018-03-24,"quantile",0.5,2.5169151219808286
2018-02-24,"HHS Region 1","ili perc",4,2018-03-24,"quantile",0.55,2.6461542244629572
2018-02-24,"HHS Region 1","ili perc",4,2018-03-24,"quantile",0.6,2.7372625114185456
2018-02-24,"HHS Region 1","ili perc",4,2018-03-24,"quantile",0.65,2.8456960914104386
2018-02-24,"HHS Region 1","ili perc",4,2018-03-24,"quantile",0.7,2.974813328520898
2018-02-24,"HHS Region 1","ili perc",4,2018-03-24,"quantile",0.75,3.098178041638976
2018-02-24,"HHS Region 1","ili perc",4,2018-03-24,"quantile",0.8,3.281916643205558
2018-02-24,"HHS Region 1","ili perc",4,2018-03-24,"quantile",0.85,3.474147296181002
2018-02-24,"HHS Region 1","ili perc",4,2018-03-24,"quantile",0.9,3.848864504846843
2018-02-24,"HHS Region 1","ili perc",4,2018-03-24,"quantile",0.95,4.4338847094776375
2018-02-24,"HHS Region 1","ili perc",4,2018-03-24,"quantile",0.975,4.983071169356596
2018-02-24,"HHS Region 1","ili perc",4,2018-03-24,"quantile",0.99,5.4626355632594965
2018-02-24,"HHS Region 2","ili perc",1,2018-03-03,"quantile",0.01,4.067444741894889
2018-02-24,"HHS Region 2","ili perc",1,2018-03-03,"quantile",0.025,4.246901212046261
2018-02-24,"HHS Region 2","ili perc",1,2018-03-03,"quantile",0.05,4.624465750108033
2018-02-24,"HHS Region 2","ili perc",1,2018-03-03,"quantile",0.1,4.996202619558413
2018-02-24,"HHS Region 2","ili perc",1,2018-03-03,"quantile",0.15,5.247422355169242
2018-02-24,"HHS Region 2","ili perc",1,2018-03-03,"quantile",0.2,5.475031236910392
2018-02-24,"HHS Region 2","ili perc",1,2018-03-03,"quantile",0.25,5.613570604773669
2018-02-24,"HHS Region 2","ili perc",1,2018-03-03,"quantile",0.3,5.746662748667152
2018-02-24,"HHS Region 2","ili perc",1,2018-03-03,"quantile",0.35,5.870657807168741
2018-02-24,"HHS Region 2","ili perc",1,2018-03-03,"quantile",0.4,6.012671829673345
2018-02-24,"HHS Region 2","ili perc",1,2018-03-03,"quantile",0.45,6.145456020057234
2018-02-24,"HHS Region 2","ili perc",1,2018-03-03,"quantile",0.5,6.273438733953864
2018-02-24,"HHS Region 2","ili perc",1,2018-03-03,"quantile",0.55,6.422966674804384
2018-02-24,"HHS Region 2","ili perc",1,2018-03-03,"quantile",0.6,6.613856809909817
2018-02-24,"HHS Region 2","ili perc",1,2018-03-03,"quantile",0.65,6.787922063246565
2018-02-24,"HHS Region 2","ili perc",1,2018-03-03,"quantile",0.7,7.001822304072972
2018-02-24,"HHS Region 2","ili perc",1,2018-03-03,"quantile",0.75,7.191514613950887
2018-02-24,"HHS Region 2","ili perc",1,2018-03-03,"quantile",0.8,7.433523382922235
2018-02-24,"HHS Region 2","ili perc",1,2018-03-03,"quantile",0.85,7.6728082884245215
2018-02-24,"HHS Region 2","ili perc",1,2018-03-03,"quantile",0.9,8.063483058500893
2018-02-24,"HHS Region 2","ili perc",1,2018-03-03,"quantile",0.95,8.682584979709075
2018-02-24,"HHS Region 2","ili perc",1,2018-03-03,"quantile",0.975,9.188846593697338
2018-02-24,"HHS Region 2","ili perc",1,2018-03-03,"quantile",0.99,9.583706393090745
2018-02-24,"HHS Region 2","ili perc",2,2018-03-10,"quantile",0.01,3.0970369589643285
2018-02-24,"HHS Region 2","ili perc",2,2018-03-10,"quantile",0.025,3.4895108792020837
2018-02-24,"HHS Region 2","ili perc",2,2018-03-10,"quantile",0.05,3.8530746386653787
2018-02-24,"HHS Region 2","ili perc",2,2018-03-10,"quantile",0.1,4.241321109836217
2018-02-24,"HHS Region 2","ili perc",2,2018-03-10,"quantile",0.15,4.489785394224182
2018-02-24,"HHS Region 2","ili perc",2,2018-03-10,"quantile",0.2,4.714603982771142
2018-02-24,"HHS Region 2","ili perc",2,2018-03-10,"quantile",0.25,4.894799853754798
2018-02-24,"HHS Region 2","ili perc",2,2018-03-10,"quantile",0.3,5.048074645557966
2018-02-24,"HHS Region 2","ili perc",2,2018-03-10,"quantile",0.35,5.2155197967248075
2018-02-24,"HHS Region 2","ili perc",2,2018-03-10,"quantile",0.4,5.373480419574246
2018-02-24,"HHS Region 2","ili perc",2,2018-03-10,"quantile",0.45,5.567040705567464
2018-02-24,"HHS Region 2","ili perc",2,2018-03-10,"quantile",0.5,5.716414671699869
2018-02-24,"HHS Region 2","ili perc",2,2018-03-10,"quantile",0.55,5.858158743400521
2018-02-24,"HHS Region 2","ili perc",2,2018-03-10,"quantile",0.6,6.016476397638266
2018-02-24,"HHS Region 2","ili perc",2,2018-03-10,"quantile",0.65,6.1650040516988
2018-02-24,"HHS Region 2","ili perc",2,2018-03-10,"quantile",0.7,6.354982893258199
2018-02-24,"HHS Region 2","ili perc",2,2018-03-10,"quantile",0.75,6.59953166881525
2018-02-24,"HHS Region 2","ili perc",2,2018-03-10,"quantile",0.8,6.7997025124204455
2018-02-24,"HHS Region 2","ili perc",2,2018-03-10,"quantile",0.85,7.084017147125411
2018-02-24,"HHS Region 2","ili perc",2,2018-03-10,"quantile",0.9,7.451675778236092
2018-02-24,"HHS Region 2","ili perc",2,2018-03-10,"quantile",0.95,8.1405085834434
2018-02-24,"HHS Region 2","ili perc",2,2018-03-10,"quantile",0.975,8.881597460343398
2018-02-24,"HHS Region 2","ili perc",2,2018-03-10,"quantile",0.99,10.006152225101587
2018-02-24,"HHS Region 2","ili perc",3,2018-03-17,"quantile",0.01,2.582905915874461
2018-02-24,"HHS Region 2","ili perc",3,2018-03-17,"quantile",0.025,2.9894558171766716
2018-02-24,"HHS Region 2","ili perc",3,2018-03-17,"quantile",0.05,3.2072496600858087
2018-02-24,"HHS Region 2","ili perc",3,2018-03-17,"quantile",0.1,3.5611532700300326
2018-02-24,"HHS Region 2","ili perc",3,2018-03-17,"quantile",0.15,3.8081848118073465
2018-02-24,"HHS Region 2","ili perc",3,2018-03-17,"quantile",0.2,3.9926752053858716
2018-02-24,"HHS Region 2","ili perc",3,2018-03-17,"quantile",0.25,4.179606400315758
2018-02-24,"HHS Region 2","ili perc",3,2018-03-17,"quantile",0.3,4.3830356403227855
2018-02-24,"HHS Region 2","ili perc",3,2018-03-17,"quantile",0.35,4.523391564529108
2018-02-24,"HHS Region 2","ili perc",3,2018-03-17,"quantile",0.4,4.69443389079846
2018-02-24,"HHS Region 2","ili perc",3,2018-03-17,"quantile",0.45,4.849322339643976
2018-02-24,"HHS Region 2","ili perc",3,2018-03-17,"quantile",0.5,4.993749802830536
2018-02-24,"HHS Region 2","ili perc",3,2018-03-17,"quantile",0.55,5.186141369004501
2018-02-24,"HHS Region 2","ili perc",3,2018-03-17,"quantile",0.6,5.343548933590675
2018-02-24,"HHS Region 2","ili perc",3,2018-03-17,"quantile",0.65,5.502065258072579
2018-02-24,"HHS Region 2","ili perc",3,2018-03-17,"quantile",0.7,5.700615353951535
2018-02-24,"HHS Region 2","ili perc",3,2018-03-17,"quantile",0.75,5.904811391383924
2018-02-24,"HHS Region 2","ili perc",3,2018-03-17,"quantile",0.8,6.111791206889616
2018-02-24,"HHS Region 2","ili perc",3,2018-03-17,"quantile",0.85,6.431133997639674
2018-02-24,"HHS Region 2","ili perc",3,2018-03-17,"quantile",0.9,6.864586868889387
2018-02-24,"HHS Region 2","ili perc",3,2018-03-17,"quantile",0.95,7.69498653579082
2018-02-24,"HHS Region 2","ili perc",3,2018-03-17,"quantile",0.975,8.361360240858927
2018-02-24,"HHS Region 2","ili perc",3,2018-03-17,"quantile",0.99,9.658323993263362
2018-02-24,"HHS Region 2","ili perc",4,2018-03-24,"quantile",0.01,2.0860721328075504
2018-02-24,"HHS Region 2","ili perc",4,2018-03-24,"quantile",0.025,2.3668547502078607
2018-02-24,"HHS Region 2","ili perc",4,2018-03-24,"quantile",0.05,2.620882064197277
2018-02-24,"HHS Region 2","ili perc",4,2018-03-24,"quantile",0.1,2.9161668925905153
2018-02-24,"HHS Region 2","ili perc",4,2018-03-24,"quantile",0.15,3.1263886427285716
2018-02-24,"HHS Region 2","ili perc",4,2018-03-24,"quantile",0.2,3.358943556037054
2018-02-24,"HHS Region 2","ili perc",4,2018-03-24,"quantile",0.25,3.5249790131027376
2018-02-24,"HHS Region 2","ili perc",4,2018-03-24,"quantile",0.3,3.674074548939118
2018-02-24,"HHS Region 2","ili perc",4,2018-03-24,"quantile",0.35,3.829284521413179
2018-02-24,"HHS Region 2","ili perc",4,2018-03-24,"quantile",0.4,4.013932908494662
2018-02-24,"HHS Region 2","ili perc",4,2018-03-24,"quantile",0.45,4.156858884517015
2018-02-24,"HHS Region 2","ili perc",4,2018-03-24,"quantile",0.5,4.310060121956224
2018-02-24,"HHS Region 2","ili perc",4,2018-03-24,"quantile",0.55,4.491396348281779
2018-02-24,"HHS Region 2","ili perc",4,2018-03-24,"quantile",0.6,4.666901126530693
2018-02-24,"HHS Region 2","ili perc",4,2018-03-24,"quantile",0.65,4.813814288057033
2018-02-24,"HHS Region 2","ili perc",4,2018-03-24,"quantile",0.7,4.975146550827226
2018-02-24,"HHS Region 2","ili perc",4,2018-03-24,"quantile",0.75,5.184855283271665
2018-02-24,"HHS Region 2","ili perc",4,2018-03-24,"quantile",0.8,5.394592968475441
2018-02-24,"HHS Region 2","ili perc",4,2018-03-24,"quantile",0.85,5.677016588523272
2018-02-24,"HHS Region 2","ili perc",4,2018-03-24,"quantile",0.9,6.144445036267324
2018-02-24,"HHS Region 2","ili perc",4,2018-03-24,"quantile",0.95,6.941953835271213
2018-02-24,"HHS Region 2","ili perc",4,2018-03-24,"quantile",0.975,7.462727020386671
2018-02-24,"HHS Region 2","ili perc",4,2018-03-24,"quantile",0.99,8.391265966525166
2018-02-24,"HHS Region 3","ili perc",1,2018-03-03,"quantile",0.01,3.3493507579838835
2018-02-24,"HHS Region 3","ili perc",1,2018-03-03,"quantile",0.025,3.572544758576141
2018-02-24,"HHS Region 3","ili perc",1,2018-03-03,"quantile",0.05,3.7808699047284025
2018-02-24,"HHS Region 3","ili perc",1,2018-03-03,"quantile",0.1,4.004157813183723
2018-02-24,"HHS Region 3","ili perc",1,2018-03-03,"quantile",0.15,4.208348469219666
2018-02-24,"HHS Region 3","ili perc",1,2018-03-03,"quantile",0.2,4.356824921710023
2018-02-24,"HHS Region 3","ili perc",1,2018-03-03,"quantile",0.25,4.474134600757
2018-02-24,"HHS Region 3","ili perc",1,2018-03-03,"quantile",0.3,4.585138317240575
2018-02-24,"HHS Region 3","ili perc",1,2018-03-03,"quantile",0.35,4.686063316802698
2018-02-24,"HHS Region 3","ili perc",1,2018-03-03,"quantile",0.4,4.783183995682582
2018-02-24,"HHS Region 3","ili perc",1,2018-03-03,"quantile",0.45,4.878622048021293
2018-02-24,"HHS Region 3","ili perc",1,2018-03-03,"quantile",0.5,5.02158608880103
2018-02-24,"HHS Region 3","ili perc",1,2018-03-03,"quantile",0.55,5.096622118151967
2018-02-24,"HHS Region 3","ili perc",1,2018-03-03,"quantile",0.6,5.232176651523378
2018-02-24,"HHS Region 3","ili perc",1,2018-03-03,"quantile",0.65,5.340558408986068
2018-02-24,"HHS Region 3","ili perc",1,2018-03-03,"quantile",0.7,5.466022210623201
2018-02-24,"HHS Region 3","ili perc",1,2018-03-03,"quantile",0.75,5.621958414970526
2018-02-24,"HHS Region 3","ili perc",1,2018-03-03,"quantile",0.8,5.814226788304494
2018-02-24,"HHS Region 3","ili perc",1,2018-03-03,"quantile",0.85,6.047442666092404
2018-02-24,"HHS Region 3","ili perc",1,2018-03-03,"quantile",0.9,6.323623720692553
2018-02-24,"HHS Region 3","ili perc",1,2018-03-03,"quantile",0.95,6.766226648147459
2018-02-24,"HHS Region 3","ili perc",1,2018-03-03,"quantile",0.975,7.211615824495289
2018-02-24,"HHS Region 3","ili perc",1,2018-03-03,"quantile",0.99,7.794321264300921
2018-02-24,"HHS Region 3","ili perc",2,2018-03-10,"quantile",0.01,2.611838718389676
2018-02-24,"HHS Region 3","ili perc",2,2018-03-10,"quantile",0.025,2.8317468602260982
2018-02-24,"HHS Region 3","ili perc",2,2018-03-10,"quantile",0.05,3.085856363119554
2018-02-24,"HHS Region 3","ili perc",2,2018-03-10,"quantile",0.1,3.3361459898850203
2018-02-24,"HHS Region 3","ili perc",2,2018-03-10,"quantile",0.15,3.523158765028263
2018-02-24,"HHS Region 3","ili perc",2,2018-03-10,"quantile",0.2,3.664741501325284
2018-02-24,"HHS Region 3","ili perc",2,2018-03-10,"quantile",0.25,3.8425940004954726
2018-02-24,"HHS Region 3","ili perc",2,2018-03-10,"quantile",0.3,3.9846154855446025
2018-02-24,"HHS Region 3","ili perc",2,2018-03-10,"quantile",0.35,4.075196250400935
2018-02-24,"HHS Region 3","ili perc",2,2018-03-10,"quantile",0.4,4.196858888443022
2018-02-24,"HHS Region 3","ili perc",2,2018-03-10,"quantile",0.45,4.324109973852418
2018-02-24,"HHS Region 3","ili perc",2,2018-03-10,"quantile",0.5,4.458872455226147
2018-02-24,"HHS Region 3","ili perc",2,2018-03-10,"quantile",0.55,4.590615486581913
2018-02-24,"HHS Region 3","ili perc",2,2018-03-10,"quantile",0.6,4.725817114692213
2018-02-24,"HHS Region 3","ili perc",2,2018-03-10,"quantile",0.65,4.859738256731054
2018-02-24,"HHS Region 3","ili perc",2,2018-03-10,"quantile",0.7,4.995212375511597
2018-02-24,"HHS Region 3","ili perc",2,2018-03-10,"quantile",0.75,5.147465462994039
2018-02-24,"HHS Region 3","ili perc",2,2018-03-10,"quantile",0.8,5.331383881372887
2018-02-24,"HHS Region 3","ili perc",2,2018-03-10,"quantile",0.85,5.560175463734537
2018-02-24,"HHS Region 3","ili perc",2,2018-03-10,"quantile",0.9,5.8514176751790865
2018-02-24,"HHS Region 3","ili perc",2,2018-03-10,"quantile",0.95,6.41821919468174
2018-02-24,"HHS Region 3","ili perc",2,2018-03-10,"quantile",0.975,6.707132716575924
2018-02-24,"HHS Region 3","ili perc",2,2018-03-10,"quantile",0.99,7.276636417335479
2018-02-24,"HHS Region 3","ili perc",3,2018-03-17,"quantile",0.01,2.1565638301883254
2018-02-24,"HHS Region 3","ili perc",3,2018-03-17,"quantile",0.025,2.3282823208943952
2018-02-24,"HHS Region 3","ili perc",3,2018-03-17,"quantile",0.05,2.462556042113805
2018-02-24,"HHS Region 3","ili perc",3,2018-03-17,"quantile",0.1,2.8085379802597568
2018-02-24,"HHS Region 3","ili perc",3,2018-03-17,"quantile",0.15,2.9963733375952217
2018-02-24,"HHS Region 3","ili perc",3,2018-03-17,"quantile",0.2,3.1732483029271
2018-02-24,"HHS Region 3","ili perc",3,2018-03-17,"quantile",0.25,3.3147126460028438
2018-02-24,"HHS Region 3","ili perc",3,2018-03-17,"quantile",0.3,3.4765584756683547
2018-02-24,"HHS Region 3","ili perc",3,2018-03-17,"quantile",0.35,3.582301692916547
2018-02-24,"HHS Region 3","ili perc",3,2018-03-17,"quantile",0.4,3.7078203870616853
2018-02-24,"HHS Region 3","ili perc",3,2018-03-17,"quantile",0.45,3.8335935902911906
2018-02-24,"HHS Region 3","ili perc",3,2018-03-17,"quantile",0.5,3.9685264083205194
2018-02-24,"HHS Region 3","ili perc",3,2018-03-17,"quantile",0.55,4.07147367343873
2018-02-24,"HHS Region 3","ili perc",3,2018-03-17,"quantile",0.6,4.20655831969411
2018-02-24,"HHS Region 3","ili perc",3,2018-03-17,"quantile",0.65,4.321039718375268
2018-02-24,"HHS Region 3","ili perc",3,2018-03-17,"quantile",0.7,4.473957683640048
2018-02-24,"HHS Region 3","ili perc",3,2018-03-17,"quantile",0.75,4.644416996631549
2018-02-24,"HHS Region 3","ili perc",3,2018-03-17,"quantile",0.8,4.831407518977785
2018-02-24,"HHS Region 3","ili perc",3,2018-03-17,"quantile",0.85,5.122690656163869
2018-02-24,"HHS Region 3","ili perc",3,2018-03-17,"quantile",0.9,5.371376451404916
2018-02-24,"HHS Region 3","ili perc",3,2018-03-17,"quantile",0.95,5.900019718014465
2018-02-24,"HHS Region 3","ili perc",3,2018-03-17,"quantile",0.975,6.271690785915244
2018-02-24,"HHS Region 3","ili perc",3,2018-03-17,"quantile",0.99,7.063668764848871
2018-02-24,"HHS Region 3","ili perc",4,2018-03-24,"quantile",0.01,1.6739957989032714
2018-02-24,"HHS Region 3","ili perc",4,2018-03-24,"quantile",0.025,1.8958679827871885
2018-02-24,"HHS Region 3","ili perc",4,2018-03-24,"quantile",0.05,2.1042258941870102
2018-02-24,"HHS Region 3","ili perc",4,2018-03-24,"quantile",0.1,2.343314077603855
2018-02-24,"HHS Region 3","ili perc",4,2018-03-24,"quantile",0.15,2.5005333071073275
2018-02-24,"HHS Region 3","ili perc",4,2018-03-24,"quantile",0.2,2.620138127599904
2018-02-24,"HHS Region 3","ili perc",4,2018-03-24,"quantile",0.25,2.731376499273255
2018-02-24,"HHS Region 3","ili perc",4,2018-03-24,"quantile",0.3,2.8681279257426744
2018-02-24,"HHS Region 3","ili perc",4,2018-03-24,"quantile",0.35,2.9853158948040535
2018-02-24,"HHS Region 3","ili perc",4,2018-03-24,"quantile",0.4,3.1314020336919044
2018-02-24,"HHS Region 3","ili perc",4,2018-03-24,"quantile",0.45,3.2116015697261253
2018-02-24,"HHS Region 3","ili perc",4,2018-03-24,"quantile",0.5,3.351177639474899
2018-02-24,"HHS Region 3","ili perc",4,2018-03-24,"quantile",0.55,3.4760621356249426
2018-02-24,"HHS Region 3","ili perc",4,2018-03-24,"quantile",0.6,3.611840090599447
2018-02-24,"HHS Region 3","ili perc",4,2018-03-24,"quantile",0.65,3.7376901556415154
2018-02-24,"HHS Region 3","ili perc",4,2018-03-24,"quantile",0.7,3.869466356008353
2018-02-24,"HHS Region 3","ili perc",4,2018-03-24,"quantile",0.75,4.0304827784505
2018-02-24,"HHS Region 3","ili perc",4,2018-03-24,"quantile",0.8,4.271143130417195
2018-02-24,"HHS Region 3","ili perc",4,2018-03-24,"quantile",0.85,4.510280293515086
2018-02-24,"HHS Region 3","ili perc",4,2018-03-24,"quantile",0.9,4.787601840325753
2018-02-24,"HHS Region 3","ili perc",4,2018-03-24,"quantile",0.95,5.141923427089907
2018-02-24,"HHS Region 3","ili perc",4,2018-03-24,"quantile",0.975,5.575964714920179
2018-02-24,"HHS Region 3","ili perc",4,2018-03-24,"quantile",0.99,6.112915451360565
2018-02-24,"HHS Region 4","ili perc",1,2018-03-03,"quantile",0.01,2.5989702774623713
2018-02-24,"HHS Region 4","ili perc",1,2018-03-03,"quantile",0.025,2.92041358661802
2018-02-24,"HHS Region 4","ili perc",1,2018-03-03,"quantile",0.05,3.1233753171559338
2018-02-24,"HHS Region 4","ili perc",1,2018-03-03,"quantile",0.1,3.4027093037422182
2018-02-24,"HHS Region 4","ili perc",1,2018-03-03,"quantile",0.15,3.565868973833749
2018-02-24,"HHS Region 4","ili perc",1,2018-03-03,"quantile",0.2,3.713964294863609
2018-02-24,"HHS Region 4","ili perc",1,2018-03-03,"quantile",0.25,3.824379925269351
2018-02-24,"HHS Region 4","ili perc",1,2018-03-03,"quantile",0.3,3.9316247684648196
2018-02-24,"HHS Region 4","ili perc",1,2018-03-03,"quantile",0.35,4.024909558052483
2018-02-24,"HHS Region 4","ili perc",1,2018-03-03,"quantile",0.4,4.13099760298278
2018-02-24,"HHS Region 4","ili perc",1,2018-03-03,"quantile",0.45,4.220309832449463
2018-02-24,"HHS Region 4","ili perc",1,2018-03-03,"quantile",0.5,4.315037782682115
2018-02-24,"HHS Region 4","ili perc",1,2018-03-03,"quantile",0.55,4.403981470932597
2018-02-24,"HHS Region 4","ili perc",1,2018-03-03,"quantile",0.6,4.513829812312602
2018-02-24,"HHS Region 4","ili perc",1,2018-03-03,"quantile",0.65,4.6134719242766575
2018-02-24,"HHS Region 4","ili perc",1,2018-03-03,"quantile",0.7,4.725105750882872
2018-02-24,"HHS Region 4","ili perc",1,2018-03-03,"quantile",0.75,4.862419877953352
2018-02-24,"HHS Region 4","ili perc",1,2018-03-03,"quantile",0.8,5.049553794895347
2018-02-24,"HHS Region 4","ili perc",1,2018-03-03,"quantile",0.85,5.218572387085377
2018-02-24,"HHS Region 4","ili perc",1,2018-03-03,"quantile",0.9,5.482285850180813
2018-02-24,"HHS Region 4","ili perc",1,2018-03-03,"quantile",0.95,5.992366395481463
2018-02-24,"HHS Region 4","ili perc",1,2018-03-03,"quantile",0.975,6.300880672287085
2018-02-24,"HHS Region 4","ili perc",1,2018-03-03,"quantile",0.99,6.844746252130343
2018-02-24,"HHS Region 4","ili perc",2,2018-03-10,"quantile",0.01,2.2039386660219478
2018-02-24,"HHS Region 4","ili perc",2,2018-03-10,"quantile",0.025,2.379556465540699
2018-02-24,"HHS Region 4","ili perc",2,2018-03-10,"quantile",0.05,2.5975062099744335
2018-02-24,"HHS Region 4","ili perc",2,2018-03-10,"quantile",0.1,2.8458349803909306
2018-02-24,"HHS Region 4","ili perc",2,2018-03-10,"quantile",0.15,2.992389777559691
2018-02-24,"HHS Region 4","ili perc",2,2018-03-10,"quantile",0.2,3.1217043842643366
2018-02-24,"HHS Region 4","ili perc",2,2018-03-10,"quantile",0.25,3.2488870801031746
2018-02-24,"HHS Region 4","ili perc",2,2018-03-10,"quantile",0.3,3.404755362894597
2018-02-24,"HHS Region 4","ili perc",2,2018-03-10,"quantile",0.35,3.50113506354587
2018-02-24,"HHS Region 4","ili perc",2,2018-03-10,"quantile",0.4,3.618211858622932
2018-02-24,"HHS Region 4","ili perc",2,2018-03-10,"quantile",0.45,3.73595665833542
2018-02-24,"HHS Region 4","ili perc",2,2018-03-10,"quantile",0.5,3.8629075129926376
2018-02-24,"HHS Region 4","ili perc",2,2018-03-10,"quantile",0.55,3.955756026126713
2018-02-24,"HHS Region 4","ili perc",2,2018-03-10,"quantile",0.6,4.061700514494373
2018-02-24,"HHS Region 4","ili perc",2,2018-03-10,"quantile",0.65,4.178019297041325
2018-02-24,"HHS Region 4","ili perc",2,2018-03-10,"quantile",0.7,4.323327190116478
2018-02-24,"HHS Region 4","ili perc",2,2018-03-10,"quantile",0.75,4.492239311094757
2018-02-24,"HHS Region 4","ili perc",2,2018-03-10,"quantile",0.8,4.6590231165790845
2018-02-24,"HHS Region 4","ili perc",2,2018-03-10,"quantile",0.85,4.909155141645141
2018-02-24,"HHS Region 4","ili perc",2,2018-03-10,"quantile",0.9,5.230231236834512
2018-02-24,"HHS Region 4","ili perc",2,2018-03-10,"quantile",0.95,5.703645254033338
2018-02-24,"HHS Region 4","ili perc",2,2018-03-10,"quantile",0.975,6.084257704834049
2018-02-24,"HHS Region 4","ili perc",2,2018-03-10,"quantile",0.99,6.682526057075849
2018-02-24,"HHS Region 4","ili perc",3,2018-03-17,"quantile",0.01,1.6997015623088547
2018-02-24,"HHS Region 4","ili perc",3,2018-03-17,"quantile",0.025,1.870966844831395
2018-02-24,"HHS Region 4","ili perc",3,2018-03-17,"quantile",0.05,2.016478224970496
2018-02-24,"HHS Region 4","ili perc",3,2018-03-17,"quantile",0.1,2.3096750800235317
2018-02-24,"HHS Region 4","ili perc",3,2018-03-17,"quantile",0.15,2.491186184563122
2018-02-24,"HHS Region 4","ili perc",3,2018-03-17,"quantile",0.2,2.6336682024379385
2018-02-24,"HHS Region 4","ili perc",3,2018-03-17,"quantile",0.25,2.7762308898759893
2018-02-24,"HHS Region 4","ili perc",3,2018-03-17,"quantile",0.3,2.8981351342513775
2018-02-24,"HHS Region 4","ili perc",3,2018-03-17,"quantile",0.35,3.0143908923299896
2018-02-24,"HHS Region 4","ili perc",3,2018-03-17,"quantile",0.4,3.124669647848777
2018-02-24,"HHS Region 4","ili perc",3,2018-03-17,"quantile",0.45,3.2392427935071253
2018-02-24,"HHS Region 4","ili perc",3,2018-03-17,"quantile",0.5,3.339131163289553
2018-02-24,"HHS Region 4","ili perc",3,2018-03-17,"quantile",0.55,3.461639573697674
2018-02-24,"HHS Region 4","ili perc",3,2018-03-17,"quantile",0.6,3.6155598658239074
2018-02-24,"HHS Region 4","ili perc",3,2018-03-17,"quantile",0.65,3.736010965782156
2018-02-24,"HHS Region 4","ili perc",3,2018-03-17,"quantile",0.7,3.863923075045362
2018-02-24,"HHS Region 4","ili perc",3,2018-03-17,"quantile",0.75,4.015094223526512
2018-02-24,"HHS Region 4","ili perc",3,2018-03-17,"quantile",0.8,4.151941362816378
2018-02-24,"HHS Region 4","ili perc",3,2018-03-17,"quantile",0.85,4.419872792129276
2018-02-24,"HHS Region 4","ili perc",3,2018-03-17,"quantile",0.9,4.726922889478833
2018-02-24,"HHS Region 4","ili perc",3,2018-03-17,"quantile",0.95,5.285456465833007
2018-02-24,"HHS Region 4","ili perc",3,2018-03-17,"quantile",0.975,5.727081072891162
2018-02-24,"HHS Region 4","ili perc",3,2018-03-17,"quantile",0.99,6.366068195355729
2018-02-24,"HHS Region 4","ili perc",4,2018-03-24,"quantile",0.01,1.3818680955101115
2018-02-24,"HHS Region 4","ili perc",4,2018-03-24,"quantile",0.025,1.5545916560794966
2018-02-24,"HHS Region 4","ili perc",4,2018-03-24,"quantile",0.05,1.676150658794343
2018-02-24,"HHS Region 4","ili perc",4,2018-03-24,"quantile",0.1,1.8464898544044996
2018-02-24,"HHS Region 4","ili perc",4,2018-03-24,"quantile",0.15,2.0146238879852856
2018-02-24,"HHS Region 4","ili perc",4,2018-03-24,"quantile",0.2,2.166852423885312
2018-02-24,"HHS Region 4","ili perc",4,2018-03-24,"quantile",0.25,2.2900506251534325
2018-02-24,"HHS Region 4","ili perc",4,2018-03-24,"quantile",0.3,2.42739792925913
2018-02-24,"HHS Region 4","ili perc",4,2018-03-24,"quantile",0.35,2.5515768711803477
2018-02-24,"HHS Region 4","ili perc",4,2018-03-24,"quantile",0.4,2.675244386171537
2018-02-24,"HHS Region 4","ili perc",4,2018-03-24,"quantile",0.45,2.8055381468403118
2018-02-24,"HHS Region 4","ili perc",4,2018-03-24,"quantile",0.5,2.887697563658024
2018-02-24,"HHS Region 4","ili perc",4,2018-03-24,"quantile",0.55,2.982206829299941
2018-02-24,"HHS Region 4","ili perc",4,2018-03-24,"quantile",0.6,3.106294535190122
2018-02-24,"HHS Region 4","ili perc",4,2018-03-24,"quantile",0.65,3.2103716939278297
2018-02-24,"HHS Region 4","ili perc",4,2018-03-24,"quantile",0.7,3.3272832054655246
2018-02-24,"HHS Region 4","ili perc",4,2018-03-24,"quantile",0.75,3.479395934480883
2018-02-24,"HHS Region 4","ili perc",4,2018-03-24,"quantile",0.8,3.6826211559110673
2018-02-24,"HHS Region 4","ili perc",4,2018-03-24,"quantile",0.85,3.944079542606495
2018-02-24,"HHS Region 4","ili perc",4,2018-03-24,"quantile",0.9,4.270943669428551
2018-02-24,"HHS Region 4","ili perc",4,2018-03-24,"quantile",0.95,4.746099181169535
2018-02-24,"HHS Region 4","ili perc",4,2018-03-24,"quantile",0.975,5.174419458757299
2018-02-24,"HHS Region 4","ili perc",4,2018-03-24,"quantile",0.99,6.000401834097442
2018-02-24,"HHS Region 5","ili perc",1,2018-03-03,"quantile",0.01,2.5508858929171314
2018-02-24,"HHS Region 5","ili perc",1,2018-03-03,"quantile",0.025,2.7933009029310987
2018-02-24,"HHS Region 5","ili perc",1,2018-03-03,"quantile",0.05,2.9273984038380254
2018-02-24,"HHS Region 5","ili perc",1,2018-03-03,"quantile",0.1,3.0760693688730103
2018-02-24,"HHS Region 5","ili perc",1,2018-03-03,"quantile",0.15,3.1832093020111976
2018-02-24,"HHS Region 5","ili perc",1,2018-03-03,"quantile",0.2,3.272947490319534
2018-02-24,"HHS Region 5","ili perc",1,2018-03-03,"quantile",0.25,3.3589875963202704
2018-02-24,"HHS Region 5","ili perc",1,2018-03-03,"quantile",0.3,3.424807195283905
2018-02-24,"HHS Region 5","ili perc",1,2018-03-03,"quantile",0.35,3.4800804782903163
2018-02-24,"HHS Region 5","ili perc",1,2018-03-03,"quantile",0.4,3.537146570748623
2018-02-24,"HHS Region 5","ili perc",1,2018-03-03,"quantile",0.45,3.596659831168891
2018-02-24,"HHS Region 5","ili perc",1,2018-03-03,"quantile",0.5,3.6489509350853884
2018-02-24,"HHS Region 5","ili perc",1,2018-03-03,"quantile",0.55,3.713212607821653
2018-02-24,"HHS Region 5","ili perc",1,2018-03-03,"quantile",0.6,3.7929035289004873
2018-02-24,"HHS Region 5","ili perc",1,2018-03-03,"quantile",0.65,3.8789085256471685
2018-02-24,"HHS Region 5","ili perc",1,2018-03-03,"quantile",0.7,3.9381829223691858
2018-02-24,"HHS Region 5","ili perc",1,2018-03-03,"quantile",0.75,4.010783348760657
2018-02-24,"HHS Region 5","ili perc",1,2018-03-03,"quantile",0.8,4.123816865127069
2018-02-24,"HHS Region 5","ili perc",1,2018-03-03,"quantile",0.85,4.254438319463562
2018-02-24,"HHS Region 5","ili perc",1,2018-03-03,"quantile",0.9,4.405283500756681
2018-02-24,"HHS Region 5","ili perc",1,2018-03-03,"quantile",0.95,4.666804785799393
2018-02-24,"HHS Region 5","ili perc",1,2018-03-03,"quantile",0.975,4.865778073374339
2018-02-24,"HHS Region 5","ili perc",1,2018-03-03,"quantile",0.99,5.4754522452490795
2018-02-24,"HHS Region 5","ili perc",2,2018-03-10,"quantile",0.01,2.0564865358956523
2018-02-24,"HHS Region 5","ili perc",2,2018-03-10,"quantile",0.025,2.218997859685751
2018-02-24,"HHS Region 5","ili perc",2,2018-03-10,"quantile",0.05,2.3745234881706514
2018-02-24,"HHS Region 5","ili perc",2,2018-03-10,"quantile",0.1,2.6096598361531007
2018-02-24,"HHS Region 5","ili perc",2,2018-03-10,"quantile",0.15,2.699220560262717
2018-02-24,"HHS Region 5","ili perc",2,2018-03-10,"quantile",0.2,2.793467777202955
2018-02-24,"HHS Region 5","ili perc",2,2018-03-10,"quantile",0.25,2.8779485366260498
2018-02-24,"HHS Region 5","ili perc",2,2018-03-10,"quantile",0.3,2.951420856307709
2018-02-24,"HHS Region 5","ili perc",2,2018-03-10,"quantile",0.35,3.0277901884155702
2018-02-24,"HHS Region 5","ili perc",2,2018-03-10,"quantile",0.4,3.101833874999746
2018-02-24,"HHS Region 5","ili perc",2,2018-03-10,"quantile",0.45,3.1646601246546173
2018-02-24,"HHS Region 5","ili perc",2,2018-03-10,"quantile",0.5,3.2353780509181718
2018-02-24,"HHS Region 5","ili perc",2,2018-03-10,"quantile",0.55,3.308617369514974
2018-02-24,"HHS Region 5","ili perc",2,2018-03-10,"quantile",0.6,3.4098208383773176
2018-02-24,"HHS Region 5","ili perc",2,2018-03-10,"quantile",0.65,3.4864354000252216
2018-02-24,"HHS Region 5","ili perc",2,2018-03-10,"quantile",0.7,3.577276517678197
2018-02-24,"HHS Region 5","ili perc",2,2018-03-10,"quantile",0.75,3.6817978553796893
2018-02-24,"HHS Region 5","ili perc",2,2018-03-10,"quantile",0.8,3.78007147721815
2018-02-24,"HHS Region 5","ili perc",2,2018-03-10,"quantile",0.85,3.9356311530480115
2018-02-24,"HHS Region 5","ili perc",2,2018-03-10,"quantile",0.9,4.098065427604272
2018-02-24,"HHS Region 5","ili perc",2,2018-03-10,"quantile",0.95,4.330173937430048
2018-02-24,"HHS Region 5","ili perc",2,2018-03-10,"quantile",0.975,4.6490465479310386
2018-02-24,"HHS Region 5","ili perc",2,2018-03-10,"quantile",0.99,4.917550865738125
2018-02-24,"HHS Region 5","ili perc",3,2018-03-17,"quantile",0.01,1.6771338771783943
2018-02-24,"HHS Region 5","ili perc",3,2018-03-17,"quantile",0.025,1.8665245702371027
2018-02-24,"HHS Region 5","ili perc",3,2018-03-17,"quantile",0.05,1.9936214766851348
2018-02-24,"HHS Region 5","ili perc",3,2018-03-17,"quantile",0.1,2.160212286458538
2018-02-24,"HHS Region 5","ili perc",3,2018-03-17,"quantile",0.15,2.2724185515267075
2018-02-24,"HHS Region 5","ili perc",3,2018-03-17,"quantile",0.2,2.355956479557644
2018-02-24,"HHS Region 5","ili perc",3,2018-03-17,"quantile",0.25,2.4597909288129394
2018-02-24,"HHS Region 5","ili perc",3,2018-03-17,"quantile",0.3,2.5507787220364615
2018-02-24,"HHS Region 5","ili perc",3,2018-03-17,"quantile",0.35,2.6236627724177533
2018-02-24,"HHS Region 5","ili perc",3,2018-03-17,"quantile",0.4,2.7085607193072736
2018-02-24,"HHS Region 5","ili perc",3,2018-03-17,"quantile",0.45,2.76769794100701
2018-02-24,"HHS Region 5","ili perc",3,2018-03-17,"quantile",0.5,2.8390651569188368
2018-02-24,"HHS Region 5","ili perc",3,2018-03-17,"quantile",0.55,2.9118930263445106
2018-02-24,"HHS Region 5","ili perc",3,2018-03-17,"quantile",0.6,2.9935888055761173
2018-02-24,"HHS Region 5","ili perc",3,2018-03-17,"quantile",0.65,3.0826348514769104
2018-02-24,"HHS Region 5","ili perc",3,2018-03-17,"quantile",0.7,3.1628986462981494
2018-02-24,"HHS Region 5","ili perc",3,2018-03-17,"quantile",0.75,3.2391671601714274
2018-02-24,"HHS Region 5","ili perc",3,2018-03-17,"quantile",0.8,3.344250931598786
2018-02-24,"HHS Region 5","ili perc",3,2018-03-17,"quantile",0.85,3.4888116284350192
2018-02-24,"HHS Region 5","ili perc",3,2018-03-17,"quantile",0.9,3.6722901350613535
2018-02-24,"HHS Region 5","ili perc",3,2018-03-17,"quantile",0.95,4.055656999382981
2018-02-24,"HHS Region 5","ili perc",3,2018-03-17,"quantile",0.975,4.372797316840551
2018-02-24,"HHS Region 5","ili perc",3,2018-03-17,"quantile",0.99,4.815002851900183
2018-02-24,"HHS Region 5","ili perc",4,2018-03-24,"quantile",0.01,1.4634859613073943
2018-02-24,"HHS Region 5","ili perc",4,2018-03-24,"quantile",0.025,1.5870227212796348
2018-02-24,"HHS Region 5","ili perc",4,2018-03-24,"quantile",0.05,1.7128602294235291
2018-02-24,"HHS Region 5","ili perc",4,2018-03-24,"quantile",0.1,1.8440411239887895
2018-02-24,"HHS Region 5","ili perc",4,2018-03-24,"quantile",0.15,1.9505164218106206
2018-02-24,"HHS Region 5","ili perc",4,2018-03-24,"quantile",0.2,2.0327940233335795
2018-02-24,"HHS Region 5","ili perc",4,2018-03-24,"quantile",0.25,2.1050432451020393
2018-02-24,"HHS Region 5","ili perc",4,2018-03-24,"quantile",0.3,2.181892559961296
2018-02-24,"HHS Region 5","ili perc",4,2018-03-24,"quantile",0.35,2.251751369417229
2018-02-24,"HHS Region 5","ili perc",4,2018-03-24,"quantile",0.4,2.320789627751947
2018-02-24,"HHS Region 5","ili perc",4,2018-03-24,"quantile",0.45,2.377043015676421
2018-02-24,"HHS Region 5","ili perc",4,2018-03-24,"quantile",0.5,2.4456769836599177
2018-02-24,"HHS Region 5","ili perc",4,2018-03-24,"quantile",0.55,2.5161464906000908
2018-02-24,"HHS Region 5","ili perc",4,2018-03-24,"quantile",0.6,2.5879180163560167
2018-02-24,"HHS Region 5","ili perc",4,2018-03-24,"quantile",0.65,2.687740928356849
2018-02-24,"HHS Region 5","ili perc",4,2018-03-24,"quantile",0.7,2.791339333531411
2018-02-24,"HHS Region 5","ili perc",4,2018-03-24,"quantile",0.75,2.8833658605430887
2018-02-24,"HHS Region 5","ili perc",4,2018-03-24,"quantile",0.8,2.993234021591183
2018-02-24,"HHS Region 5","ili perc",4,2018-03-24,"quantile",0.85,3.118368954302283
2018-02-24,"HHS Region 5","ili perc",4,2018-03-24,"quantile",0.9,3.3196127494085337
2018-02-24,"HHS Region 5","ili perc",4,2018-03-24,"quantile",0.95,3.620402292970339
2018-02-24,"HHS Region 5","ili perc",4,2018-03-24,"quantile",0.975,3.886505529906341
2018-02-24,"HHS Region 5","ili perc",4,2018-03-24,"quantile",0.99,4.34086914699243
2018-02-24,"HHS Region 6","ili perc",1,2018-03-03,"quantile",0.01,3.9861564360392876
2018-02-24,"HHS Region 6","ili perc",1,2018-03-03,"quantile",0.025,4.431424026892751
2018-02-24,"HHS Region 6","ili perc",1,2018-03-03,"quantile",0.05,4.827055931883945
2018-02-24,"HHS Region 6","ili perc",1,2018-03-03,"quantile",0.1,5.227536623084964
2018-02-24,"HHS Region 6","ili perc",1,2018-03-03,"quantile",0.15,5.5288487997011915
2018-02-24,"HHS Region 6","ili perc",1,2018-03-03,"quantile",0.2,5.743265715788681
2018-02-24,"HHS Region 6","ili perc",1,2018-03-03,"quantile",0.25,5.935393503502445
2018-02-24,"HHS Region 6","ili perc",1,2018-03-03,"quantile",0.3,6.124847731567446
2018-02-24,"HHS Region 6","ili perc",1,2018-03-03,"quantile",0.35,6.2829907460142636
2018-02-24,"HHS Region 6","ili perc",1,2018-03-03,"quantile",0.4,6.408705477455925
2018-02-24,"HHS Region 6","ili perc",1,2018-03-03,"quantile",0.45,6.553320045173568
2018-02-24,"HHS Region 6","ili perc",1,2018-03-03,"quantile",0.5,6.704321442257824
2018-02-24,"HHS Region 6","ili perc",1,2018-03-03,"quantile",0.55,6.870734074044698
2018-02-24,"HHS Region 6","ili perc",1,2018-03-03,"quantile",0.6,7.004098846261934
2018-02-24,"HHS Region 6","ili perc",1,2018-03-03,"quantile",0.65,7.152040152470691
2018-02-24,"HHS Region 6","ili perc",1,2018-03-03,"quantile",0.7,7.346793117454589
2018-02-24,"HHS Region 6","ili perc",1,2018-03-03,"quantile",0.75,7.5518169033096605
2018-02-24,"HHS Region 6","ili perc",1,2018-03-03,"quantile",0.8,7.773063838695064
2018-02-24,"HHS Region 6","ili perc",1,2018-03-03,"quantile",0.85,8.087753131535756
2018-02-24,"HHS Region 6","ili perc",1,2018-03-03,"quantile",0.9,8.477477189641448
2018-02-24,"HHS Region 6","ili perc",1,2018-03-03,"quantile",0.95,9.091490935078053
2018-02-24,"HHS Region 6","ili perc",1,2018-03-03,"quantile",0.975,9.62221095003196
2018-02-24,"HHS Region 6","ili perc",1,2018-03-03,"quantile",0.99,10.25638326197319
2018-02-24,"HHS Region 6","ili perc",2,2018-03-10,"quantile",0.01,3.388559013893066
2018-02-24,"HHS Region 6","ili perc",2,2018-03-10,"quantile",0.025,3.723950920696044
2018-02-24,"HHS Region 6","ili perc",2,2018-03-10,"quantile",0.05,4.011194609225925
2018-02-24,"HHS Region 6","ili perc",2,2018-03-10,"quantile",0.1,4.385065176324136
2018-02-24,"HHS Region 6","ili perc",2,2018-03-10,"quantile",0.15,4.611705238129449
2018-02-24,"HHS Region 6","ili perc",2,2018-03-10,"quantile",0.2,4.85138442474095
2018-02-24,"HHS Region 6","ili perc",2,2018-03-10,"quantile",0.25,5.0466772075823965
2018-02-24,"HHS Region 6","ili perc",2,2018-03-10,"quantile",0.3,5.237085400722485
2018-02-24,"HHS Region 6","ili perc",2,2018-03-10,"quantile",0.35,5.396218883575362
2018-02-24,"HHS Region 6","ili perc",2,2018-03-10,"quantile",0.4,5.537424262166653
2018-02-24,"HHS Region 6","ili perc",2,2018-03-10,"quantile",0.45,5.712047330503616
2018-02-24,"HHS Region 6","ili perc",2,2018-03-10,"quantile",0.5,5.883995478792941
2018-02-24,"HHS Region 6","ili perc",2,2018-03-10,"quantile",0.55,6.036730305076759
2018-02-24,"HHS Region 6","ili perc",2,2018-03-10,"quantile",0.6,6.19744161586178
2018-02-24,"HHS Region 6","ili perc",2,2018-03-10,"quantile",0.65,6.393850434805174
2018-02-24,"HHS Region 6","ili perc",2,2018-03-10,"quantile",0.7,6.622254875639483
2018-02-24,"HHS Region 6","ili perc",2,2018-03-10,"quantile",0.75,6.882933834686448
2018-02-24,"HHS Region 6","ili perc",2,2018-03-10,"quantile",0.8,7.257370191234408
2018-02-24,"HHS Region 6","ili perc",2,2018-03-10,"quantile",0.85,7.5501973658921635
2018-02-24,"HHS Region 6","ili perc",2,2018-03-10,"quantile",0.9,7.955383029992382
2018-02-24,"HHS Region 6","ili perc",2,2018-03-10,"quantile",0.95,8.62714250296628
2018-02-24,"HHS Region 6","ili perc",2,2018-03-10,"quantile",0.975,9.499527567451441
2018-02-24,"HHS Region 6","ili perc",2,2018-03-10,"quantile",0.99,10.837482892403745
2018-02-24,"HHS Region 6","ili perc",3,2018-03-17,"quantile",0.01,2.7846144306817875
2018-02-24,"HHS Region 6","ili perc",3,2018-03-17,"quantile",0.025,2.973016727055099
2018-02-24,"HHS Region 6","ili perc",3,2018-03-17,"quantile",0.05,3.339298222415677
2018-02-24,"HHS Region 6","ili perc",3,2018-03-17,"quantile",0.1,3.7154576576673657
2018-02-24,"HHS Region 6","ili perc",3,2018-03-17,"quantile",0.15,3.927416839540211
2018-02-24,"HHS Region 6","ili perc",3,2018-03-17,"quantile",0.2,4.147247206466876
2018-02-24,"HHS Region 6","ili perc",3,2018-03-17,"quantile",0.25,4.380997597900654
2018-02-24,"HHS Region 6","ili perc",3,2018-03-17,"quantile",0.3,4.526322403089559
2018-02-24,"HHS Region 6","ili perc",3,2018-03-17,"quantile",0.35,4.738387426486714
2018-02-24,"HHS Region 6","ili perc",3,2018-03-17,"quantile",0.4,4.887044327834414
2018-02-24,"HHS Region 6","ili perc",3,2018-03-17,"quantile",0.45,5.058710992980475
2018-02-24,"HHS Region 6","ili perc",3,2018-03-17,"quantile",0.5,5.240087147130604
2018-02-24,"HHS Region 6","ili perc",3,2018-03-17,"quantile",0.55,5.4566518373893205
2018-02-24,"HHS Region 6","ili perc",3,2018-03-17,"quantile",0.6,5.605566243316782
2018-02-24,"HHS Region 6","ili perc",3,2018-03-17,"quantile",0.65,5.798688823088673
2018-02-24,"HHS Region 6","ili perc",3,2018-03-17,"quantile",0.7,5.988163398728757
2018-02-24,"HHS Region 6","ili perc",3,2018-03-17,"quantile",0.75,6.241201334433929
2018-02-24,"HHS Region 6","ili perc",3,2018-03-17,"quantile",0.8,6.488682855643627
2018-02-24,"HHS Region 6","ili perc",3,2018-03-17,"quantile",0.85,6.830025252157946
2018-02-24,"HHS Region 6","ili perc",3,2018-03-17,"quantile",0.9,7.33567523704392
2018-02-24,"HHS Region 6","ili perc",3,2018-03-17,"quantile",0.95,8.143618438555906
2018-02-24,"HHS Region 6","ili perc",3,2018-03-17,"quantile",0.975,8.747328204974707
2018-02-24,"HHS Region 6","ili perc",3,2018-03-17,"quantile",0.99,10.009401636417351
2018-02-24,"HHS Region 6","ili perc",4,2018-03-24,"quantile",0.01,2.2413621342262675
2018-02-24,"HHS Region 6","ili perc",4,2018-03-24,"quantile",0.025,2.4573349757390326
2018-02-24,"HHS Region 6","ili perc",4,2018-03-24,"quantile",0.05,2.6840760156785683
2018-02-24,"HHS Region 6","ili perc",4,2018-03-24,"quantile",0.1,3.0040577743200783
2018-02-24,"HHS Region 6","ili perc",4,2018-03-24,"quantile",0.15,3.303995464979457
2018-02-24,"HHS Region 6","ili perc",4,2018-03-24,"quantile",0.2,3.532376143262496
2018-02-24,"HHS Region 6","ili perc",4,2018-03-24,"quantile",0.25,3.742633759137868
2018-02-24,"HHS Region 6","ili perc",4,2018-03-24,"quantile",0.3,3.89025606137032
2018-02-24,"HHS Region 6","ili perc",4,2018-03-24,"quantile",0.35,4.040186817128578
2018-02-24,"HHS Region 6","ili perc",4,2018-03-24,"quantile",0.4,4.208961763893811
2018-02-24,"HHS Region 6","ili perc",4,2018-03-24,"quantile",0.45,4.369907271676315
2018-02-24,"HHS Region 6","ili perc",4,2018-03-24,"quantile",0.5,4.550125438708301
2018-02-24,"HHS Region 6","ili perc",4,2018-03-24,"quantile",0.55,4.713620699630871
2018-02-24,"HHS Region 6","ili perc",4,2018-03-24,"quantile",0.6,4.868533274061627
2018-02-24,"HHS Region 6","ili perc",4,2018-03-24,"quantile",0.65,5.043207471575866
2018-02-24,"HHS Region 6","ili perc",4,2018-03-24,"quantile",0.7,5.248645274081509
2018-02-24,"HHS Region 6","ili perc",4,2018-03-24,"quantile",0.75,5.499326938384398
2018-02-24,"HHS Region 6","ili perc",4,2018-03-24,"quantile",0.8,5.70822693560826
2018-02-24,"HHS Region 6","ili perc",4,2018-03-24,"quantile",0.85,6.013468067787806
2018-02-24,"HHS Region 6","ili perc",4,2018-03-24,"quantile",0.9,6.479729118103476
2018-02-24,"HHS Region 6","ili perc",4,2018-03-24,"quantile",0.95,7.231249463968151
2018-02-24,"HHS Region 6","ili perc",4,2018-03-24,"quantile",0.975,8.046737376902056
2018-02-24,"HHS Region 6","ili perc",4,2018-03-24,"quantile",0.99,9.160331703185372
2018-02-24,"HHS Region 7","ili perc",1,2018-03-03,"quantile",0.01,1.4604404525850856
2018-02-24,"HHS Region 7","ili perc",1,2018-03-03,"quantile",0.025,1.9725022367005483
2018-02-24,"HHS Region 7","ili perc",1,2018-03-03,"quantile",0.05,2.4945734065385636
2018-02-24,"HHS Region 7","ili perc",1,2018-03-03,"quantile",0.1,2.8548934990056862
2018-02-24,"HHS Region 7","ili perc",1,2018-03-03,"quantile",0.15,3.131712859222158
2018-02-24,"HHS Region 7","ili perc",1,2018-03-03,"quantile",0.2,3.534971136107098
2018-02-24,"HHS Region 7","ili perc",1,2018-03-03,"quantile",0.25,3.8409676386086278
2018-02-24,"HHS Region 7","ili perc",1,2018-03-03,"quantile",0.3,4.071584268356128
2018-02-24,"HHS Region 7","ili perc",1,2018-03-03,"quantile",0.35,4.306123370620446
2018-02-24,"HHS Region 7","ili perc",1,2018-03-03,"quantile",0.4,4.511130141493275
2018-02-24,"HHS Region 7","ili perc",1,2018-03-03,"quantile",0.45,4.744367442478597
2018-02-24,"HHS Region 7","ili perc",1,2018-03-03,"quantile",0.5,5.067522112568049
2018-02-24,"HHS Region 7","ili perc",1,2018-03-03,"quantile",0.55,5.391079192513511
2018-02-24,"HHS Region 7","ili perc",1,2018-03-03,"quantile",0.6,5.636954658127396
2018-02-24,"HHS Region 7","ili perc",1,2018-03-03,"quantile",0.65,6.034311711998535
2018-02-24,"HHS Region 7","ili perc",1,2018-03-03,"quantile",0.7,6.358667132185778
2018-02-24,"HHS Region 7","ili perc",1,2018-03-03,"quantile",0.75,6.754391094079314
2018-02-24,"HHS Region 7","ili perc",1,2018-03-03,"quantile",0.8,7.19645062311987
2018-02-24,"HHS Region 7","ili perc",1,2018-03-03,"quantile",0.85,7.735587499042553
2018-02-24,"HHS Region 7","ili perc",1,2018-03-03,"quantile",0.9,8.777325758879003
2018-02-24,"HHS Region 7","ili perc",1,2018-03-03,"quantile",0.95,9.995275866898387
2018-02-24,"HHS Region 7","ili perc",1,2018-03-03,"quantile",0.975,11.63952125793735
2018-02-24,"HHS Region 7","ili perc",1,2018-03-03,"quantile",0.99,13.010121213100133
2018-02-24,"HHS Region 7","ili perc",2,2018-03-10,"quantile",0.01,1.0621390303637817
2018-02-24,"HHS Region 7","ili perc",2,2018-03-10,"quantile",0.025,1.3811277221673948
2018-02-24,"HHS Region 7","ili perc",2,2018-03-10,"quantile",0.05,1.6291749255234038
2018-02-24,"HHS Region 7","ili perc",2,2018-03-10,"quantile",0.1,2.0223750854000584
2018-02-24,"HHS Region 7","ili perc",2,2018-03-10,"quantile",0.15,2.3119680101272704
2018-02-24,"HHS Region 7","ili perc",2,2018-03-10,"quantile",0.2,2.5899345286350592
2018-02-24,"HHS Region 7","ili perc",2,2018-03-10,"quantile",0.25,2.8887568268554222
2018-02-24,"HHS Region 7","ili perc",2,2018-03-10,"quantile",0.3,3.1268905962395066
2018-02-24,"HHS Region 7","ili perc",2,2018-03-10,"quantile",0.35,3.3438609407859285
2018-02-24,"HHS Region 7","ili perc",2,2018-03-10,"quantile",0.4,3.5995028398177835
2018-02-24,"HHS Region 7","ili perc",2,2018-03-10,"quantile",0.45,3.822832059389051
2018-02-24,"HHS Region 7","ili perc",2,2018-03-10,"quantile",0.5,4.097824288288036
2018-02-24,"HHS Region 7","ili perc",2,2018-03-10,"quantile",0.55,4.368247851374572
2018-02-24,"HHS Region 7","ili perc",2,2018-03-10,"quantile",0.6,4.697652671951099
2018-02-24,"HHS Region 7","ili perc",2,2018-03-10,"quantile",0.65,5.087744874966676
2018-02-24,"HHS Region 7","ili perc",2,2018-03-10,"quantile",0.7,5.430346075503003
2018-02-24,"HHS Region 7","ili perc",2,2018-03-10,"quantile",0.75,5.931900382780449
2018-02-24,"HHS Region 7","ili perc",2,2018-03-10,"quantile",0.8,6.610259465405933
2018-02-24,"HHS Region 7","ili perc",2,2018-03-10,"quantile",0.85,7.237493968442319
2018-02-24,"HHS Region 7","ili perc",2,2018-03-10,"quantile",0.9,8.19326176112371
2018-02-24,"HHS Region 7","ili perc",2,2018-03-10,"quantile",0.95,10.148204911300661
2018-02-24,"HHS Region 7","ili perc",2,2018-03-10,"quantile",0.975,12.045732092202343
2018-02-24,"HHS Region 7","ili perc",2,2018-03-10,"quantile",0.99,14.958049322150806
2018-02-24,"HHS Region 7","ili perc",3,2018-03-17,"quantile",0.01,0.6461381858628099
2018-02-24,"HHS Region 7","ili perc",3,2018-03-17,"quantile",0.025,0.9906197711356604
2018-02-24,"HHS Region 7","ili perc",3,2018-03-17,"quantile",0.05,1.1964615345514584
2018-02-24,"HHS Region 7","ili perc",3,2018-03-17,"quantile",0.1,1.5546658882847915
2018-02-24,"HHS Region 7","ili perc",3,2018-03-17,"quantile",0.15,1.7567374975792565
2018-02-24,"HHS Region 7","ili perc",3,2018-03-17,"quantile",0.2,2.04010597485682
2018-02-24,"HHS Region 7","ili perc",3,2018-03-17,"quantile",0.25,2.264219480147581
2018-02-24,"HHS Region 7","ili perc",3,2018-03-17,"quantile",0.3,2.46873770532577
2018-02-24,"HHS Region 7","ili perc",3,2018-03-17,"quantile",0.35,2.698934863246459
2018-02-24,"HHS Region 7","ili perc",3,2018-03-17,"quantile",0.4,2.922376781380502
2018-02-24,"HHS Region 7","ili perc",3,2018-03-17,"quantile",0.45,3.1465231554543256
2018-02-24,"HHS Region 7","ili perc",3,2018-03-17,"quantile",0.5,3.3647100951979203
2018-02-24,"HHS Region 7","ili perc",3,2018-03-17,"quantile",0.55,3.6607602948254785
2018-02-24,"HHS Region 7","ili perc",3,2018-03-17,"quantile",0.6,3.953549010137014
2018-02-24,"HHS Region 7","ili perc",3,2018-03-17,"quantile",0.65,4.234834005354402
2018-02-24,"HHS Region 7","ili perc",3,2018-03-17,"quantile",0.7,4.516678274234843
2018-02-24,"HHS Region 7","ili perc",3,2018-03-17,"quantile",0.75,5.023327722387301
2018-02-24,"HHS Region 7","ili perc",3,2018-03-17,"quantile",0.8,5.504626109919211
2018-02-24,"HHS Region 7","ili perc",3,2018-03-17,"quantile",0.85,6.278986973642838
2018-02-24,"HHS Region 7","ili perc",3,2018-03-17,"quantile",0.9,7.450123542579524
2018-02-24,"HHS Region 7","ili perc",3,2018-03-17,"quantile",0.95,9.070670692414962
2018-02-24,"HHS Region 7","ili perc",3,2018-03-17,"quantile",0.975,10.639173813330489
2018-02-24,"HHS Region 7","ili perc",3,2018-03-17,"quantile",0.99,13.993112970699993
2018-02-24,"HHS Region 7","ili perc",4,2018-03-24,"quantile",0.01,0.5223841093679477
2018-02-24,"HHS Region 7","ili perc",4,2018-03-24,"quantile",0.025,0.6961728260406731
2018-02-24,"HHS Region 7","ili perc",4,2018-03-24,"quantile",0.05,0.8543769337460637
2018-02-24,"HHS Region 7","ili perc",4,2018-03-24,"quantile",0.1,1.0941518062425233
2018-02-24,"HHS Region 7","ili perc",4,2018-03-24,"quantile",0.15,1.336261474356611
2018-02-24,"HHS Region 7","ili perc",4,2018-03-24,"quantile",0.2,1.5128756816927014
2018-02-24,"HHS Region 7","ili perc",4,2018-03-24,"quantile",0.25,1.6847001461687812
2018-02-24,"HHS Region 7","ili perc",4,2018-03-24,"quantile",0.3,1.8891462729030828
2018-02-24,"HHS Region 7","ili perc",4,2018-03-24,"quantile",0.35,2.103437088226288
2018-02-24,"HHS Region 7","ili perc",4,2018-03-24,"quantile",0.4,2.2738786246917
2018-02-24,"HHS Region 7","ili perc",4,2018-03-24,"quantile",0.45,2.4590642395596722
2018-02-24,"HHS Region 7","ili perc",4,2018-03-24,"quantile",0.5,2.6599964820195994
2018-02-24,"HHS Region 7","ili perc",4,2018-03-24,"quantile",0.55,2.933499599173961
2018-02-24,"HHS Region 7","ili perc",4,2018-03-24,"quantile",0.6,3.2074183789950803
2018-02-24,"HHS Region 7","ili perc",4,2018-03-24,"quantile",0.65,3.4902483177496015
2018-02-24,"HHS Region 7","ili perc",4,2018-03-24,"quantile",0.7,3.816018992082099
2018-02-24,"HHS Region 7","ili perc",4,2018-03-24,"quantile",0.75,4.200148887826374
2018-02-24,"HHS Region 7","ili perc",4,2018-03-24,"quantile",0.8,4.690728127852535
2018-02-24,"HHS Region 7","ili perc",4,2018-03-24,"quantile",0.85,5.3821437252532585
2018-02-24,"HHS Region 7","ili perc",4,2018-03-24,"quantile",0.9,6.621696959282253
2018-02-24,"HHS Region 7","ili perc",4,2018-03-24,"quantile",0.95,8.208770229495277
2018-02-24,"HHS Region 7","ili perc",4,2018-03-24,"quantile",0.975,10.091081726720876
2018-02-24,"HHS Region 7","ili perc",4,2018-03-24,"quantile",0.99,12.684537966582653
2018-02-24,"HHS Region 8","ili perc",1,2018-03-03,"quantile",0.01,1.0507054194929062
2018-02-24,"HHS Region 8","ili perc",1,2018-03-03,"quantile",0.025,1.2465972402644876
2018-02-24,"HHS Region 8","ili perc",1,2018-03-03,"quantile",0.05,1.4789159493635504
2018-02-24,"HHS Region 8","ili perc",1,2018-03-03,"quantile",0.1,1.6827205063366477
2018-02-24,"HHS Region 8","ili perc",1,2018-03-03,"quantile",0.15,1.8648118593072522
2018-02-24,"HHS Region 8","ili perc",1,2018-03-03,"quantile",0.2,1.9678033915424995
2018-02-24,"HHS Region 8","ili perc",1,2018-03-03,"quantile",0.25,2.0958426220975412
2018-02-24,"HHS Region 8","ili perc",1,2018-03-03,"quantile",0.3,2.215230494505111
2018-02-24,"HHS Region 8","ili perc",1,2018-03-03,"quantile",0.35,2.3188818698577096
2018-02-24,"HHS Region 8","ili perc",1,2018-03-03,"quantile",0.4,2.4047958683719277
2018-02-24,"HHS Region 8","ili perc",1,2018-03-03,"quantile",0.45,2.4874201554338575
2018-02-24,"HHS Region 8","ili perc",1,2018-03-03,"quantile",0.5,2.594806633239118
2018-02-24,"HHS Region 8","ili perc",1,2018-03-03,"quantile",0.55,2.7007557318493403
2018-02-24,"HHS Region 8","ili perc",1,2018-03-03,"quantile",0.6,2.8241522205750247
2018-02-24,"HHS Region 8","ili perc",1,2018-03-03,"quantile",0.65,2.9510334406465013
2018-02-24,"HHS Region 8","ili perc",1,2018-03-03,"quantile",0.7,3.10604637980766
2018-02-24,"HHS Region 8","ili perc",1,2018-03-03,"quantile",0.75,3.2836221303232183
2018-02-24,"HHS Region 8","ili perc",1,2018-03-03,"quantile",0.8,3.430250801619256
2018-02-24,"HHS Region 8","ili perc",1,2018-03-03,"quantile",0.85,3.660710992674112
2018-02-24,"HHS Region 8","ili perc",1,2018-03-03,"quantile",0.9,4.014072097545501
2018-02-24,"HHS Region 8","ili perc",1,2018-03-03,"quantile",0.95,4.588558457658327
2018-02-24,"HHS Region 8","ili perc",1,2018-03-03,"quantile",0.975,5.015580205253529
2018-02-24,"HHS Region 8","ili perc",1,2018-03-03,"quantile",0.99,5.470995167166473
2018-02-24,"HHS Region 8","ili perc",2,2018-03-10,"quantile",0.01,0.8706442960191474
2018-02-24,"HHS Region 8","ili perc",2,2018-03-10,"quantile",0.025,1.0118242855460566
2018-02-24,"HHS Region 8","ili perc",2,2018-03-10,"quantile",0.05,1.1607273557921094
2018-02-24,"HHS Region 8","ili perc",2,2018-03-10,"quantile",0.1,1.3558387621043337
2018-02-24,"HHS Region 8","ili perc",2,2018-03-10,"quantile",0.15,1.5029919128557687
2018-02-24,"HHS Region 8","ili perc",2,2018-03-10,"quantile",0.2,1.6406484235366936
2018-02-24,"HHS Region 8","ili perc",2,2018-03-10,"quantile",0.25,1.7502234051372731
2018-02-24,"HHS Region 8","ili perc",2,2018-03-10,"quantile",0.3,1.849631747313265
2018-02-24,"HHS Region 8","ili perc",2,2018-03-10,"quantile",0.35,1.9636232267256364
2018-02-24,"HHS Region 8","ili perc",2,2018-03-10,"quantile",0.4,2.0868562234335046
2018-02-24,"HHS Region 8","ili perc",2,2018-03-10,"quantile",0.45,2.191334124983772
2018-02-24,"HHS Region 8","ili perc",2,2018-03-10,"quantile",0.5,2.2855898247636692
2018-02-24,"HHS Region 8","ili perc",2,2018-03-10,"quantile",0.55,2.414037784726033
2018-02-24,"HHS Region 8","ili perc",2,2018-03-10,"quantile",0.6,2.5371289275462674
2018-02-24,"HHS Region 8","ili perc",2,2018-03-10,"quantile",0.65,2.6565432595336045
2018-02-24,"HHS Region 8","ili perc",2,2018-03-10,"quantile",0.7,2.7940610162476
2018-02-24,"HHS Region 8","ili perc",2,2018-03-10,"quantile",0.75,2.97859628160898
2018-02-24,"HHS Region 8","ili perc",2,2018-03-10,"quantile",0.8,3.1731098400069744
2018-02-24,"HHS Region 8","ili perc",2,2018-03-10,"quantile",0.85,3.451466811343956
2018-02-24,"HHS Region 8","ili perc",2,2018-03-10,"quantile",0.9,3.771670498933621
2018-02-24,"HHS Region 8","ili perc",2,2018-03-10,"quantile",0.95,4.4062372932938825
2018-02-24,"HHS Region 8","ili perc",2,2018-03-10,"quantile",0.975,5.188238315117804
2018-02-24,"HHS Region 8","ili perc",2,2018-03-10,"quantile",0.99,6.2256079590679985
2018-02-24,"HHS Region 8","ili perc",3,2018-03-17,"quantile",0.01,0.677925520898928
2018-02-24,"HHS Region 8","ili perc",3,2018-03-17,"quantile",0.025,0.8190388928703182
2018-02-24,"HHS Region 8","ili perc",3,2018-03-17,"quantile",0.05,0.9443906401268057
2018-02-24,"HHS Region 8","ili perc",3,2018-03-17,"quantile",0.1,1.1007886824361899
2018-02-24,"HHS Region 8","ili perc",3,2018-03-17,"quantile",0.15,1.2514094526030388
2018-02-24,"HHS Region 8","ili perc",3,2018-03-17,"quantile",0.2,1.3832107464879326
2018-02-24,"HHS Region 8","ili perc",3,2018-03-17,"quantile",0.25,1.5147743769134476
2018-02-24,"HHS Region 8","ili perc",3,2018-03-17,"quantile",0.3,1.6252197986615093
2018-02-24,"HHS Region 8","ili perc",3,2018-03-17,"quantile",0.35,1.7067023327783786
2018-02-24,"HHS Region 8","ili perc",3,2018-03-17,"quantile",0.4,1.8120788753838406
2018-02-24,"HHS Region 8","ili perc",3,2018-03-17,"quantile",0.45,1.923911473446835
2018-02-24,"HHS Region 8","ili perc",3,2018-03-17,"quantile",0.5,2.0419446823828302
2018-02-24,"HHS Region 8","ili perc",3,2018-03-17,"quantile",0.55,2.154628049325109
2018-02-24,"HHS Region 8","ili perc",3,2018-03-17,"quantile",0.6,2.2652170138998047
2018-02-24,"HHS Region 8","ili perc",3,2018-03-17,"quantile",0.65,2.413631904003756
2018-02-24,"HHS Region 8","ili perc",3,2018-03-17,"quantile",0.7,2.572871987946339
2018-02-24,"HHS Region 8","ili perc",3,2018-03-17,"quantile",0.75,2.7511061660767813
2018-02-24,"HHS Region 8","ili perc",3,2018-03-17,"quantile",0.8,2.9509266357025625
2018-02-24,"HHS Region 8","ili perc",3,2018-03-17,"quantile",0.85,3.251053534010463
2018-02-24,"HHS Region 8","ili perc",3,2018-03-17,"quantile",0.9,3.618325288002198
2018-02-24,"HHS Region 8","ili perc",3,2018-03-17,"quantile",0.95,4.314220052722285
2018-02-24,"HHS Region 8","ili perc",3,2018-03-17,"quantile",0.975,5.3297583594427875
2018-02-24,"HHS Region 8","ili perc",3,2018-03-17,"quantile",0.99,6.139819874966498
2018-02-24,"HHS Region 8","ili perc",4,2018-03-24,"quantile",0.01,0.5566956518016973
2018-02-24,"HHS Region 8","ili perc",4,2018-03-24,"quantile",0.025,0.652781269933531
2018-02-24,"HHS Region 8","ili perc",4,2018-03-24,"quantile",0.05,0.7620434284757439
2018-02-24,"HHS Region 8","ili perc",4,2018-03-24,"quantile",0.1,0.9555352869362113
2018-02-24,"HHS Region 8","ili perc",4,2018-03-24,"quantile",0.15,1.0758120141178853
2018-02-24,"HHS Region 8","ili perc",4,2018-03-24,"quantile",0.2,1.182238673771309
2018-02-24,"HHS Region 8","ili perc",4,2018-03-24,"quantile",0.25,1.2957386521032512
2018-02-24,"HHS Region 8","ili perc",4,2018-03-24,"quantile",0.3,1.3895565552976787
2018-02-24,"HHS Region 8","ili perc",4,2018-03-24,"quantile",0.35,1.509802042973964
2018-02-24,"HHS Region 8","ili perc",4,2018-03-24,"quantile",0.4,1.5914432038816801
2018-02-24,"HHS Region 8","ili perc",4,2018-03-24,"quantile",0.45,1.7028789047041895
2018-02-24,"HHS Region 8","ili perc",4,2018-03-24,"quantile",0.5,1.8143820258061572
2018-02-24,"HHS Region 8","ili perc",4,2018-03-24,"quantile",0.55,1.9170528286370023
2018-02-24,"HHS Region 8","ili perc",4,2018-03-24,"quantile",0.6,2.0622689976644515
2018-02-24,"HHS Region 8","ili perc",4,2018-03-24,"quantile",0.65,2.227134152870517
2018-02-24,"HHS Region 8","ili perc",4,2018-03-24,"quantile",0.7,2.3869284911544733
2018-02-24,"HHS Region 8","ili perc",4,2018-03-24,"quantile",0.75,2.551134719795689
2018-02-24,"HHS Region 8","ili perc",4,2018-03-24,"quantile",0.8,2.7312203904081427
2018-02-24,"HHS Region 8","ili perc",4,2018-03-24,"quantile",0.85,3.017358407432786
2018-02-24,"HHS Region 8","ili perc",4,2018-03-24,"quantile",0.9,3.4214555878235773
2018-02-24,"HHS Region 8","ili perc",4,2018-03-24,"quantile",0.95,4.203224111469754
2018-02-24,"HHS Region 8","ili perc",4,2018-03-24,"quantile",0.975,5.212926787491071
2018-02-24,"HHS Region 8","ili perc",4,2018-03-24,"quantile",0.99,6.059400557483131
2018-02-24,"HHS Region 9","ili perc",1,2018-03-03,"quantile",0.01,2.6112295888233032
2018-02-24,"HHS Region 9","ili perc",1,2018-03-03,"quantile",0.025,2.820077015442854
2018-02-24,"HHS Region 9","ili perc",1,2018-03-03,"quantile",0.05,2.958042901001051
2018-02-24,"HHS Region 9","ili perc",1,2018-03-03,"quantile",0.1,3.1437106277370352
2018-02-24,"HHS Region 9","ili perc",1,2018-03-03,"quantile",0.15,3.2573293059108814
2018-02-24,"HHS Region 9","ili perc",1,2018-03-03,"quantile",0.2,3.346943597467381
2018-02-24,"HHS Region 9","ili perc",1,2018-03-03,"quantile",0.25,3.409430776728455
2018-02-24,"HHS Region 9","ili perc",1,2018-03-03,"quantile",0.3,3.485536521143432
2018-02-24,"HHS Region 9","ili perc",1,2018-03-03,"quantile",0.35,3.552345633396369
2018-02-24,"HHS Region 9","ili perc",1,2018-03-03,"quantile",0.4,3.6049772996799696
2018-02-24,"HHS Region 9","ili perc",1,2018-03-03,"quantile",0.45,3.668891903448455
2018-02-24,"HHS Region 9","ili perc",1,2018-03-03,"quantile",0.5,3.7396437291113465
2018-02-24,"HHS Region 9","ili perc",1,2018-03-03,"quantile",0.55,3.8200452932768285
2018-02-24,"HHS Region 9","ili perc",1,2018-03-03,"quantile",0.6,3.877642648989369
2018-02-24,"HHS Region 9","ili perc",1,2018-03-03,"quantile",0.65,3.949060059217862
2018-02-24,"HHS Region 9","ili perc",1,2018-03-03,"quantile",0.7,4.021037383100636
2018-02-24,"HHS Region 9","ili perc",1,2018-03-03,"quantile",0.75,4.107138968677176
2018-02-24,"HHS Region 9","ili perc",1,2018-03-03,"quantile",0.8,4.2082368885941435
2018-02-24,"HHS Region 9","ili perc",1,2018-03-03,"quantile",0.85,4.353835818434255
2018-02-24,"HHS Region 9","ili perc",1,2018-03-03,"quantile",0.9,4.473849982135094
2018-02-24,"HHS Region 9","ili perc",1,2018-03-03,"quantile",0.95,4.702629253006417
2018-02-24,"HHS Region 9","ili perc",1,2018-03-03,"quantile",0.975,5.0290045508900585
2018-02-24,"HHS Region 9","ili perc",1,2018-03-03,"quantile",0.99,5.346547489731186
2018-02-24,"HHS Region 9","ili perc",2,2018-03-10,"quantile",0.01,2.3624883514852355
2018-02-24,"HHS Region 9","ili perc",2,2018-03-10,"quantile",0.025,2.4899026886652784
2018-02-24,"HHS Region 9","ili perc",2,2018-03-10,"quantile",0.05,2.5883097081530146
2018-02-24,"HHS Region 9","ili perc",2,2018-03-10,"quantile",0.1,2.775914412948124
2018-02-24,"HHS Region 9","ili perc",2,2018-03-10,"quantile",0.15,2.899137172294644
2018-02-24,"HHS Region 9","ili perc",2,2018-03-10,"quantile",0.2,2.99499112703341
2018-02-24,"HHS Region 9","ili perc",2,2018-03-10,"quantile",0.25,3.074862494826962
2018-02-24,"HHS Region 9","ili perc",2,2018-03-10,"quantile",0.3,3.161410236789482
2018-02-24,"HHS Region 9","ili perc",2,2018-03-10,"quantile",0.35,3.229674162949927
2018-02-24,"HHS Region 9","ili perc",2,2018-03-10,"quantile",0.4,3.3094134378767666
2018-02-24,"HHS Region 9","ili perc",2,2018-03-10,"quantile",0.45,3.3895508618506165
2018-02-24,"HHS Region 9","ili perc",2,2018-03-10,"quantile",0.5,3.4734329756578455
2018-02-24,"HHS Region 9","ili perc",2,2018-03-10,"quantile",0.55,3.5392855508659897
2018-02-24,"HHS Region 9","ili perc",2,2018-03-10,"quantile",0.6,3.6072985907346573
2018-02-24,"HHS Region 9","ili perc",2,2018-03-10,"quantile",0.65,3.6853467115359737
2018-02-24,"HHS Region 9","ili perc",2,2018-03-10,"quantile",0.7,3.754980120242295
2018-02-24,"HHS Region 9","ili perc",2,2018-03-10,"quantile",0.75,3.8486547926820904
2018-02-24,"HHS Region 9","ili perc",2,2018-03-10,"quantile",0.8,3.978756616373367
2018-02-24,"HHS Region 9","ili perc",2,2018-03-10,"quantile",0.85,4.112739131596433
2018-02-24,"HHS Region 9","ili perc",2,2018-03-10,"quantile",0.9,4.315782369922934
2018-02-24,"HHS Region 9","ili perc",2,2018-03-10,"quantile",0.95,4.70049523710179
2018-02-24,"HHS Region 9","ili perc",2,2018-03-10,"quantile",0.975,4.991162853927869
2018-02-24,"HHS Region 9","ili perc",2,2018-03-10,"quantile",0.99,5.523140731988314
2018-02-24,"HHS Region 9","ili perc",3,2018-03-17,"quantile",0.01,1.9230178560262177
2018-02-24,"HHS Region 9","ili perc",3,2018-03-17,"quantile",0.025,2.0751207705795243
2018-02-24,"HHS Region 9","ili perc",3,2018-03-17,"quantile",0.05,2.292731236066928
2018-02-24,"HHS Region 9","ili perc",3,2018-03-17,"quantile",0.1,2.4681645100617655
2018-02-24,"HHS Region 9","ili perc",3,2018-03-17,"quantile",0.15,2.58778918063357
2018-02-24,"HHS Region 9","ili perc",3,2018-03-17,"quantile",0.2,2.690693418890407
2018-02-24,"HHS Region 9","ili perc",3,2018-03-17,"quantile",0.25,2.803277522654873
2018-02-24,"HHS Region 9","ili perc",3,2018-03-17,"quantile",0.3,2.909008281363789
2018-02-24,"HHS Region 9","ili perc",3,2018-03-17,"quantile",0.35,2.983161224635033
2018-02-24,"HHS Region 9","ili perc",3,2018-03-17,"quantile",0.4,3.054127781699802
2018-02-24,"HHS Region 9","ili perc",3,2018-03-17,"quantile",0.45,3.1280049872841382
2018-02-24,"HHS Region 9","ili perc",3,2018-03-17,"quantile",0.5,3.191466690734055
2018-02-24,"HHS Region 9","ili perc",3,2018-03-17,"quantile",0.55,3.2769819834988323
2018-02-24,"HHS Region 9","ili perc",3,2018-03-17,"quantile",0.6,3.374875229033226
2018-02-24,"HHS Region 9","ili perc",3,2018-03-17,"quantile",0.65,3.485780363459751
2018-02-24,"HHS Region 9","ili perc",3,2018-03-17,"quantile",0.7,3.5679364416848856
2018-02-24,"HHS Region 9","ili perc",3,2018-03-17,"quantile",0.75,3.6633501547255407
2018-02-24,"HHS Region 9","ili perc",3,2018-03-17,"quantile",0.8,3.7916809151323134
2018-02-24,"HHS Region 9","ili perc",3,2018-03-17,"quantile",0.85,3.9500477189933405
2018-02-24,"HHS Region 9","ili perc",3,2018-03-17,"quantile",0.9,4.147358743121357
2018-02-24,"HHS Region 9","ili perc",3,2018-03-17,"quantile",0.95,4.483626616090986
2018-02-24,"HHS Region 9","ili perc",3,2018-03-17,"quantile",0.975,4.8913118397635795
2018-02-24,"HHS Region 9","ili perc",3,2018-03-17,"quantile",0.99,5.425335598017748
2018-02-24,"HHS Region 9","ili perc",4,2018-03-24,"quantile",0.01,1.716325133664278
2018-02-24,"HHS Region 9","ili perc",4,2018-03-24,"quantile",0.025,1.8702435974381673
2018-02-24,"HHS Region 9","ili perc",4,2018-03-24,"quantile",0.05,1.9960321518615078
2018-02-24,"HHS Region 9","ili perc",4,2018-03-24,"quantile",0.1,2.1720654614385495
2018-02-24,"HHS Region 9","ili perc",4,2018-03-24,"quantile",0.15,2.31353342038077
2018-02-24,"HHS Region 9","ili perc",4,2018-03-24,"quantile",0.2,2.424752947735053
2018-02-24,"HHS Region 9","ili perc",4,2018-03-24,"quantile",0.25,2.514362053387042
2018-02-24,"HHS Region 9","ili perc",4,2018-03-24,"quantile",0.3,2.6094660369184846
2018-02-24,"HHS Region 9","ili perc",4,2018-03-24,"quantile",0.35,2.672391838098581
2018-02-24,"HHS Region 9","ili perc",4,2018-03-24,"quantile",0.4,2.7651856388623925
2018-02-24,"HHS Region 9","ili perc",4,2018-03-24,"quantile",0.45,2.8543319545777224
2018-02-24,"HHS Region 9","ili perc",4,2018-03-24,"quantile",0.5,2.9258483933760098
2018-02-24,"HHS Region 9","ili perc",4,2018-03-24,"quantile",0.55,3.0045256844345527
2018-02-24,"HHS Region 9","ili perc",4,2018-03-24,"quantile",0.6,3.0938336468591183
2018-02-24,"HHS Region 9","ili perc",4,2018-03-24,"quantile",0.65,3.190850181866564
2018-02-24,"HHS Region 9","ili perc",4,2018-03-24,"quantile",0.7,3.288878094420557
2018-02-24,"HHS Region 9","ili perc",4,2018-03-24,"quantile",0.75,3.4086239921296966
2018-02-24,"HHS Region 9","ili perc",4,2018-03-24,"quantile",0.8,3.544376177630778
2018-02-24,"HHS Region 9","ili perc",4,2018-03-24,"quantile",0.85,3.7266754580756225
2018-02-24,"HHS Region 9","ili perc",4,2018-03-24,"quantile",0.9,3.9021776074810677
2018-02-24,"HHS Region 9","ili perc",4,2018-03-24,"quantile",0.95,4.327105074108691
2018-02-24,"HHS Region 9","ili perc",4,2018-03-24,"quantile",0.975,4.727693514558365
2018-02-24,"HHS Region 9","ili perc",4,2018-03-24,"quantile",0.99,5.324450240200078
2018-02-24,"HHS Region 10","ili perc",1,2018-03-03,"quantile",0.01,0.7538825185978782
2018-02-24,"HHS Region 10","ili perc",1,2018-03-03,"quantile",0.025,0.8947893244437769
2018-02-24,"HHS Region 10","ili perc",1,2018-03-03,"quantile",0.05,1.0639331272379218
2018-02-24,"HHS Region 10","ili perc",1,2018-03-03,"quantile",0.1,1.3267287739422815
2018-02-24,"HHS Region 10","ili perc",1,2018-03-03,"quantile",0.15,1.511794054314104
2018-02-24,"HHS Region 10","ili perc",1,2018-03-03,"quantile",0.2,1.6464541597525957
2018-02-24,"HHS Region 10","ili perc",1,2018-03-03,"quantile",0.25,1.8048055540952295
2018-02-24,"HHS Region 10","ili perc",1,2018-03-03,"quantile",0.3,1.927614041272565
2018-02-24,"HHS Region 10","ili perc",1,2018-03-03,"quantile",0.35,2.032880688986214
2018-02-24,"HHS Region 10","ili perc",1,2018-03-03,"quantile",0.4,2.1341996938319845
2018-02-24,"HHS Region 10","ili perc",1,2018-03-03,"quantile",0.45,2.2559755953268814
2018-02-24,"HHS Region 10","ili perc",1,2018-03-03,"quantile",0.5,2.3979893965588523
2018-02-24,"HHS Region 10","ili perc",1,2018-03-03,"quantile",0.55,2.5421570546280794
2018-02-24,"HHS Region 10","ili perc",1,2018-03-03,"quantile",0.6,2.6891879317725875
2018-02-24,"HHS Region 10","ili perc",1,2018-03-03,"quantile",0.65,2.8308444927960545
2018-02-24,"HHS Region 10","ili perc",1,2018-03-03,"quantile",0.7,3.03037213111971
2018-02-24,"HHS Region 10","ili perc",1,2018-03-03,"quantile",0.75,3.266579485541084
2018-02-24,"HHS Region 10","ili perc",1,2018-03-03,"quantile",0.8,3.494947011022057
2018-02-24,"HHS Region 10","ili perc",1,2018-03-03,"quantile",0.85,3.8054427312738723
2018-02-24,"HHS Region 10","ili perc",1,2018-03-03,"quantile",0.9,4.359127786088308
2018-02-24,"HHS Region 10","ili perc",1,2018-03-03,"quantile",0.95,5.250324381710167
2018-02-24,"HHS Region 10","ili perc",1,2018-03-03,"quantile",0.975,6.170148375734435
2018-02-24,"HHS Region 10","ili perc",1,2018-03-03,"quantile",0.99,7.816661532591883
2018-02-24,"HHS Region 10","ili perc",2,2018-03-10,"quantile",0.01,0.4717708379834511
2018-02-24,"HHS Region 10","ili perc",2,2018-03-10,"quantile",0.025,0.6085861379170864
2018-02-24,"HHS Region 10","ili perc",2,2018-03-10,"quantile",0.05,0.7853364402749076
2018-02-24,"HHS Region 10","ili perc",2,2018-03-10,"quantile",0.1,1.0039400803240954
2018-02-24,"HHS Region 10","ili perc",2,2018-03-10,"quantile",0.15,1.1384474079241294
2018-02-24,"HHS Region 10","ili perc",2,2018-03-10,"quantile",0.2,1.2887567110188394
2018-02-24,"HHS Region 10","ili perc",2,2018-03-10,"quantile",0.25,1.4028465205303682
2018-02-24,"HHS Region 10","ili perc",2,2018-03-10,"quantile",0.3,1.5076638290012447
2018-02-24,"HHS Region 10","ili perc",2,2018-03-10,"quantile",0.35,1.6136103442473375
2018-02-24,"HHS Region 10","ili perc",2,2018-03-10,"quantile",0.4,1.7369777727376132
2018-02-24,"HHS Region 10","ili perc",2,2018-03-10,"quantile",0.45,1.8676785330116432
2018-02-24,"HHS Region 10","ili perc",2,2018-03-10,"quantile",0.5,1.9834883600453528
2018-02-24,"HHS Region 10","ili perc",2,2018-03-10,"quantile",0.55,2.1043708028377477
2018-02-24,"HHS Region 10","ili perc",2,2018-03-10,"quantile",0.6,2.2421500449995166
2018-02-24,"HHS Region 10","ili perc",2,2018-03-10,"quantile",0.65,2.5110565119758035
2018-02-24,"HHS Region 10","ili perc",2,2018-03-10,"quantile",0.7,2.707532539673185
2018-02-24,"HHS Region 10","ili perc",2,2018-03-10,"quantile",0.75,2.9589025971604204
2018-02-24,"HHS Region 10","ili perc",2,2018-03-10,"quantile",0.8,3.267570376624152
2018-02-24,"HHS Region 10","ili perc",2,2018-03-10,"quantile",0.85,3.6177533017300143
2018-02-24,"HHS Region 10","ili perc",2,2018-03-10,"quantile",0.9,4.093610714060645
2018-02-24,"HHS Region 10","ili perc",2,2018-03-10,"quantile",0.95,5.177161163043843
2018-02-24,"HHS Region 10","ili perc",2,2018-03-10,"quantile",0.975,6.187959398971055
2018-02-24,"HHS Region 10","ili perc",2,2018-03-10,"quantile",0.99,8.231530503805722
2018-02-24,"HHS Region 10","ili perc",3,2018-03-17,"quantile",0.01,0.3439147652618272
2018-02-24,"HHS Region 10","ili perc",3,2018-03-17,"quantile",0.025,0.45432033722815984
2018-02-24,"HHS Region 10","ili perc",3,2018-03-17,"quantile",0.05,0.6042318027146939
2018-02-24,"HHS Region 10","ili perc",3,2018-03-17,"quantile",0.1,0.7808012973957362
2018-02-24,"HHS Region 10","ili perc",3,2018-03-17,"quantile",0.15,0.924771966118924
2018-02-24,"HHS Region 10","ili perc",3,2018-03-17,"quantile",0.2,1.031689628304201
2018-02-24,"HHS Region 10","ili perc",3,2018-03-17,"quantile",0.25,1.1309086404055597
2018-02-24,"HHS Region 10","ili perc",3,2018-03-17,"quantile",0.3,1.2246122382760638
2018-02-24,"HHS Region 10","ili perc",3,2018-03-17,"quantile",0.35,1.37032274960911
2018-02-24,"HHS Region 10","ili perc",3,2018-03-17,"quantile",0.4,1.4906846903897304
2018-02-24,"HHS Region 10","ili perc",3,2018-03-17,"quantile",0.45,1.621272090520627
2018-02-24,"HHS Region 10","ili perc",3,2018-03-17,"quantile",0.5,1.744872271130544
2018-02-24,"HHS Region 10","ili perc",3,2018-03-17,"quantile",0.55,1.905040214152876
2018-02-24,"HHS Region 10","ili perc",3,2018-03-17,"quantile",0.6,2.0682134062646442
2018-02-24,"HHS Region 10","ili perc",3,2018-03-17,"quantile",0.65,2.214149101299614
2018-02-24,"HHS Region 10","ili perc",3,2018-03-17,"quantile",0.7,2.4358775194389266
2018-02-24,"HHS Region 10","ili perc",3,2018-03-17,"quantile",0.75,2.659870393799806
2018-02-24,"HHS Region 10","ili perc",3,2018-03-17,"quantile",0.8,2.983936536271349
2018-02-24,"HHS Region 10","ili perc",3,2018-03-17,"quantile",0.85,3.4695630808640936
2018-02-24,"HHS Region 10","ili perc",3,2018-03-17,"quantile",0.9,4.169818902311732
2018-02-24,"HHS Region 10","ili perc",3,2018-03-17,"quantile",0.95,4.9977169930817835
2018-02-24,"HHS Region 10","ili perc",3,2018-03-17,"quantile",0.975,6.3527162694168
2018-02-24,"HHS Region 10","ili perc",3,2018-03-17,"quantile",0.99,8.56733736228396
2018-02-24,"HHS Region 10","ili perc",4,2018-03-24,"quantile",0.01,0.25573411184259576
2018-02-24,"HHS Region 10","ili perc",4,2018-03-24,"quantile",0.025,0.3728728305669961
2018-02-24,"HHS Region 10","ili perc",4,2018-03-24,"quantile",0.05,0.45528778616468984
2018-02-24,"HHS Region 10","ili perc",4,2018-03-24,"quantile",0.1,0.6204928435625748
2018-02-24,"HHS Region 10","ili perc",4,2018-03-24,"quantile",0.15,0.7079813780046813
2018-02-24,"HHS Region 10","ili perc",4,2018-03-24,"quantile",0.2,0.8051024121450618
2018-02-24,"HHS Region 10","ili perc",4,2018-03-24,"quantile",0.25,0.9332475333978725
2018-02-24,"HHS Region 10","ili perc",4,2018-03-24,"quantile",0.3,1.0569030766759753
2018-02-24,"HHS Region 10","ili perc",4,2018-03-24,"quantile",0.35,1.1444201467551247
2018-02-24,"HHS Region 10","ili perc",4,2018-03-24,"quantile",0.4,1.274300512247734
2018-02-24,"HHS Region 10","ili perc",4,2018-03-24,"quantile",0.45,1.4075884229071034
2018-02-24,"HHS Region 10","ili perc",4,2018-03-24,"quantile",0.5,1.5573015121959797
2018-02-24,"HHS Region 10","ili perc",4,2018-03-24,"quantile",0.55,1.6940932448086188
2018-02-24,"HHS Region 10","ili perc",4,2018-03-24,"quantile",0.6,1.8194665787533586
2018-02-24,"HHS Region 10","ili perc",4,2018-03-24,"quantile",0.65,2.051832433839718
2018-02-24,"HHS Region 10","ili perc",4,2018-03-24,"quantile",0.7,2.2308035620163893
2018-02-24,"HHS Region 10","ili perc",4,2018-03-24,"quantile",0.75,2.5187149491722427
2018-02-24,"HHS Region 10","ili perc",4,2018-03-24,"quantile",0.8,2.9110467624783016
2018-02-24,"HHS Region 10","ili perc",4,2018-03-24,"quantile",0.85,3.306823066135397
2018-02-24,"HHS Region 10","ili perc",4,2018-03-24,"quantile",0.9,3.980939488602704
2018-02-24,"HHS Region 10","ili perc",4,2018-03-24,"quantile",0.95,4.905904267203317
2018-02-24,"HHS Region 10","ili perc",4,2018-03-24,"quantile",0.975,5.957488226285478
2018-02-24,"HHS Region 10","ili perc",4,2018-03-24,"quantile",0.99,8.054250506199612
