"location","origin_date","horizon","target_end_date","value","output_type_id","target","output_type"
"HHS Region 1",2017-11-04,1,2017-11-11,0.776710735924314,0.01,"ili perc","quantile"
"HHS Region 1",2017-11-04,1,2017-11-11,0.784175934198271,0.025,"ili perc","quantile"
"HHS Region 1",2017-11-04,1,2017-11-11,0.821007363223826,0.05,"ili perc","quantile"
"HHS Region 1",2017-11-04,1,2017-11-11,0.82976350739043,0.1,"ili perc","quantile"
"HHS Region 1",2017-11-04,1,2017-11-11,0.882527198048222,0.15,"ili perc","quantile"
"HHS Region 1",2017-11-04,1,2017-11-11,0.895369034787568,0.2,"ili perc","quantile"
"HHS Region 1",2017-11-04,1,2017-11-11,0.907779981593221,0.25,"ili perc","quantile"
"HHS Region 1",2017-11-04,1,2017-11-11,0.923780558831038,0.3,"ili perc","quantile"
"HHS Region 1",2017-11-04,1,2017-11-11,0.930517559296432,0.35,"ili perc","quantile"
"HHS Region 1",2017-11-04,1,2017-11-11,0.941641004061079,0.4,"ili perc","quantile"
"HHS Region 1",2017-11-04,1,2017-11-11,0.95376897607523,0.45,"ili perc","quantile"
"HHS Region 1",2017-11-04,1,2017-11-11,0.961817486816335,0.5,"ili perc","quantile"
"HHS Region 1",2017-11-04,1,2017-11-11,0.967321408986266,0.55,"ili perc","quantile"
"HHS Region 1",2017-11-04,1,2017-11-11,0.979870162663144,0.6,"ili perc","quantile"
"HHS Region 1",2017-11-04,1,2017-11-11,0.992806459536472,0.65,"ili perc","quantile"
"HHS Region 1",2017-11-04,1,2017-11-11,1.00336426682805,0.7,"ili perc","quantile"
"HHS Region 1",2017-11-04,1,2017-11-11,1.0114991588011,0.75,"ili perc","quantile"
"HHS Region 1",2017-11-04,1,2017-11-11,1.02816227999535,0.8,"ili perc","quantile"
"HHS Region 1",2017-11-04,1,2017-11-11,1.05050211285884,0.85,"ili perc","quantile"
"HHS Region 1",2017-11-04,1,2017-11-11,1.0975767269025,0.9,"ili perc","quantile"
"HHS Region 1",2017-11-04,1,2017-11-11,1.18062811942021,0.95,"ili perc","quantile"
"HHS Region 1",2017-11-04,1,2017-11-11,1.26528588860234,0.975,"ili perc","quantile"
"HHS Region 1",2017-11-04,1,2017-11-11,1.32322657900617,0.99,"ili perc","quantile"
"HHS Region 1",2017-11-04,2,2017-11-18,0.718156310464431,0.01,"ili perc","quantile"
"HHS Region 1",2017-11-04,2,2017-11-18,0.747021869429692,0.025,"ili perc","quantile"
"HHS Region 1",2017-11-04,2,2017-11-18,0.759527970027169,0.05,"ili perc","quantile"
"HHS Region 1",2017-11-04,2,2017-11-18,0.808287459372026,0.1,"ili perc","quantile"
"HHS Region 1",2017-11-04,2,2017-11-18,0.828022905177151,0.15,"ili perc","quantile"
"HHS Region 1",2017-11-04,2,2017-11-18,0.850914910752252,0.2,"ili perc","quantile"
"HHS Region 1",2017-11-04,2,2017-11-18,0.873656578799595,0.25,"ili perc","quantile"
"HHS Region 1",2017-11-04,2,2017-11-18,0.900272072926357,0.3,"ili perc","quantile"
"HHS Region 1",2017-11-04,2,2017-11-18,0.915529507625521,0.35,"ili perc","quantile"
"HHS Region 1",2017-11-04,2,2017-11-18,0.932243625144379,0.4,"ili perc","quantile"
"HHS Region 1",2017-11-04,2,2017-11-18,0.940342679520628,0.45,"ili perc","quantile"
"HHS Region 1",2017-11-04,2,2017-11-18,0.945531960479501,0.5,"ili perc","quantile"
"HHS Region 1",2017-11-04,2,2017-11-18,0.959757345741039,0.55,"ili perc","quantile"
"HHS Region 1",2017-11-04,2,2017-11-18,0.969359583511187,0.6,"ili perc","quantile"
"HHS Region 1",2017-11-04,2,2017-11-18,0.994583712128443,0.65,"ili perc","quantile"
"HHS Region 1",2017-11-04,2,2017-11-18,1.01914693491976,0.7,"ili perc","quantile"
"HHS Region 1",2017-11-04,2,2017-11-18,1.0326420652098,0.75,"ili perc","quantile"
"HHS Region 1",2017-11-04,2,2017-11-18,1.05304669579338,0.8,"ili perc","quantile"
"HHS Region 1",2017-11-04,2,2017-11-18,1.09291869493633,0.85,"ili perc","quantile"
"HHS Region 1",2017-11-04,2,2017-11-18,1.16039066671898,0.9,"ili perc","quantile"
"HHS Region 1",2017-11-04,2,2017-11-18,1.23392987267014,0.95,"ili perc","quantile"
"HHS Region 1",2017-11-04,2,2017-11-18,1.2819369086542,0.975,"ili perc","quantile"
"HHS Region 1",2017-11-04,2,2017-11-18,1.29053003324667,0.99,"ili perc","quantile"
"HHS Region 1",2017-11-04,3,2017-11-25,0.694413284413372,0.01,"ili perc","quantile"
"HHS Region 1",2017-11-04,3,2017-11-25,0.706182393723972,0.025,"ili perc","quantile"
"HHS Region 1",2017-11-04,3,2017-11-25,0.72738033461545,0.05,"ili perc","quantile"
"HHS Region 1",2017-11-04,3,2017-11-25,0.761378140930835,0.1,"ili perc","quantile"
"HHS Region 1",2017-11-04,3,2017-11-25,0.775368890089079,0.15,"ili perc","quantile"
"HHS Region 1",2017-11-04,3,2017-11-25,0.790398323584743,0.2,"ili perc","quantile"
"HHS Region 1",2017-11-04,3,2017-11-25,0.813596497596032,0.25,"ili perc","quantile"
"HHS Region 1",2017-11-04,3,2017-11-25,0.839484354836279,0.3,"ili perc","quantile"
"HHS Region 1",2017-11-04,3,2017-11-25,0.855181447199866,0.35,"ili perc","quantile"
"HHS Region 1",2017-11-04,3,2017-11-25,0.865880333311826,0.4,"ili perc","quantile"
"HHS Region 1",2017-11-04,3,2017-11-25,0.879461261949854,0.45,"ili perc","quantile"
"HHS Region 1",2017-11-04,3,2017-11-25,0.89143582792731,0.5,"ili perc","quantile"
"HHS Region 1",2017-11-04,3,2017-11-25,0.911670353492823,0.55,"ili perc","quantile"
"HHS Region 1",2017-11-04,3,2017-11-25,0.930832096506601,0.6,"ili perc","quantile"
"HHS Region 1",2017-11-04,3,2017-11-25,0.957039429955961,0.65,"ili perc","quantile"
"HHS Region 1",2017-11-04,3,2017-11-25,0.976089261079264,0.7,"ili perc","quantile"
"HHS Region 1",2017-11-04,3,2017-11-25,1.00618950302635,0.75,"ili perc","quantile"
"HHS Region 1",2017-11-04,3,2017-11-25,1.03684189200764,0.8,"ili perc","quantile"
"HHS Region 1",2017-11-04,3,2017-11-25,1.07824877097584,0.85,"ili perc","quantile"
"HHS Region 1",2017-11-04,3,2017-11-25,1.14555482292416,0.9,"ili perc","quantile"
"HHS Region 1",2017-11-04,3,2017-11-25,1.22098474990585,0.95,"ili perc","quantile"
"HHS Region 1",2017-11-04,3,2017-11-25,1.2522140460054,0.975,"ili perc","quantile"
"HHS Region 1",2017-11-04,3,2017-11-25,1.26702869205657,0.99,"ili perc","quantile"
"HHS Region 1",2017-11-04,4,2017-12-02,0.72814464321603,0.01,"ili perc","quantile"
"HHS Region 1",2017-11-04,4,2017-12-02,0.756610270366656,0.025,"ili perc","quantile"
"HHS Region 1",2017-11-04,4,2017-12-02,0.79199221874577,0.05,"ili perc","quantile"
"HHS Region 1",2017-11-04,4,2017-12-02,0.845376224548521,0.1,"ili perc","quantile"
"HHS Region 1",2017-11-04,4,2017-12-02,0.859103500870549,0.15,"ili perc","quantile"
"HHS Region 1",2017-11-04,4,2017-12-02,0.871723597797712,0.2,"ili perc","quantile"
"HHS Region 1",2017-11-04,4,2017-12-02,0.911195076762176,0.25,"ili perc","quantile"
"HHS Region 1",2017-11-04,4,2017-12-02,0.925988043816012,0.3,"ili perc","quantile"
"HHS Region 1",2017-11-04,4,2017-12-02,0.945803406755718,0.35,"ili perc","quantile"
"HHS Region 1",2017-11-04,4,2017-12-02,0.960574759926115,0.4,"ili perc","quantile"
"HHS Region 1",2017-11-04,4,2017-12-02,0.972559182535587,0.45,"ili perc","quantile"
"HHS Region 1",2017-11-04,4,2017-12-02,0.998062294595281,0.5,"ili perc","quantile"
"HHS Region 1",2017-11-04,4,2017-12-02,1.0366569351372,0.55,"ili perc","quantile"
"HHS Region 1",2017-11-04,4,2017-12-02,1.05157068052497,0.6,"ili perc","quantile"
"HHS Region 1",2017-11-04,4,2017-12-02,1.06720543226909,0.65,"ili perc","quantile"
"HHS Region 1",2017-11-04,4,2017-12-02,1.08373727257663,0.7,"ili perc","quantile"
"HHS Region 1",2017-11-04,4,2017-12-02,1.1013661457081,0.75,"ili perc","quantile"
"HHS Region 1",2017-11-04,4,2017-12-02,1.16658676140356,0.8,"ili perc","quantile"
"HHS Region 1",2017-11-04,4,2017-12-02,1.21958616276183,0.85,"ili perc","quantile"
"HHS Region 1",2017-11-04,4,2017-12-02,1.30954378569157,0.9,"ili perc","quantile"
"HHS Region 1",2017-11-04,4,2017-12-02,1.38384524680948,0.95,"ili perc","quantile"
"HHS Region 1",2017-11-04,4,2017-12-02,1.46115249165891,0.975,"ili perc","quantile"
"HHS Region 1",2017-11-04,4,2017-12-02,1.5657523415701,0.99,"ili perc","quantile"
"HHS Region 10",2017-11-04,1,2017-11-11,0.513293799190756,0.01,"ili perc","quantile"
"HHS Region 10",2017-11-04,1,2017-11-11,0.566013152904326,0.025,"ili perc","quantile"
"HHS Region 10",2017-11-04,1,2017-11-11,0.606823408199752,0.05,"ili perc","quantile"
"HHS Region 10",2017-11-04,1,2017-11-11,0.656711968805601,0.1,"ili perc","quantile"
"HHS Region 10",2017-11-04,1,2017-11-11,0.7543919686507,0.15,"ili perc","quantile"
"HHS Region 10",2017-11-04,1,2017-11-11,0.795448117844877,0.2,"ili perc","quantile"
"HHS Region 10",2017-11-04,1,2017-11-11,0.816516939503213,0.25,"ili perc","quantile"
"HHS Region 10",2017-11-04,1,2017-11-11,0.87611617108059,0.3,"ili perc","quantile"
"HHS Region 10",2017-11-04,1,2017-11-11,0.909223429095443,0.35,"ili perc","quantile"
"HHS Region 10",2017-11-04,1,2017-11-11,0.937725184924293,0.4,"ili perc","quantile"
"HHS Region 10",2017-11-04,1,2017-11-11,0.964324897026971,0.45,"ili perc","quantile"
"HHS Region 10",2017-11-04,1,2017-11-11,0.999813941981652,0.5,"ili perc","quantile"
"HHS Region 10",2017-11-04,1,2017-11-11,1.01132891991533,0.55,"ili perc","quantile"
"HHS Region 10",2017-11-04,1,2017-11-11,1.04957449597656,0.6,"ili perc","quantile"
"HHS Region 10",2017-11-04,1,2017-11-11,1.06604267948331,0.65,"ili perc","quantile"
"HHS Region 10",2017-11-04,1,2017-11-11,1.09656568441869,0.7,"ili perc","quantile"
"HHS Region 10",2017-11-04,1,2017-11-11,1.12864474529981,0.75,"ili perc","quantile"
"HHS Region 10",2017-11-04,1,2017-11-11,1.18972912136515,0.8,"ili perc","quantile"
"HHS Region 10",2017-11-04,1,2017-11-11,1.28030993221175,0.85,"ili perc","quantile"
"HHS Region 10",2017-11-04,1,2017-11-11,1.4477798191175,0.9,"ili perc","quantile"
"HHS Region 10",2017-11-04,1,2017-11-11,1.76027392313232,0.95,"ili perc","quantile"
"HHS Region 10",2017-11-04,1,2017-11-11,1.96223567348246,0.975,"ili perc","quantile"
"HHS Region 10",2017-11-04,1,2017-11-11,2.17257703206402,0.99,"ili perc","quantile"
"HHS Region 10",2017-11-04,2,2017-11-18,0.40952263726783,0.01,"ili perc","quantile"
"HHS Region 10",2017-11-04,2,2017-11-18,0.526625826523685,0.025,"ili perc","quantile"
"HHS Region 10",2017-11-04,2,2017-11-18,0.587725800653192,0.05,"ili perc","quantile"
"HHS Region 10",2017-11-04,2,2017-11-18,0.666955309959,0.1,"ili perc","quantile"
"HHS Region 10",2017-11-04,2,2017-11-18,0.78958134682533,0.15,"ili perc","quantile"
"HHS Region 10",2017-11-04,2,2017-11-18,0.8393650978229,0.2,"ili perc","quantile"
"HHS Region 10",2017-11-04,2,2017-11-18,0.874720450853823,0.25,"ili perc","quantile"
"HHS Region 10",2017-11-04,2,2017-11-18,0.922322658452284,0.3,"ili perc","quantile"
"HHS Region 10",2017-11-04,2,2017-11-18,0.949515608078021,0.35,"ili perc","quantile"
"HHS Region 10",2017-11-04,2,2017-11-18,0.996522451577835,0.4,"ili perc","quantile"
"HHS Region 10",2017-11-04,2,2017-11-18,1.04778540973877,0.45,"ili perc","quantile"
"HHS Region 10",2017-11-04,2,2017-11-18,1.09147314575742,0.5,"ili perc","quantile"
"HHS Region 10",2017-11-04,2,2017-11-18,1.12724743249768,0.55,"ili perc","quantile"
"HHS Region 10",2017-11-04,2,2017-11-18,1.16338194430692,0.6,"ili perc","quantile"
"HHS Region 10",2017-11-04,2,2017-11-18,1.20430238474526,0.65,"ili perc","quantile"
"HHS Region 10",2017-11-04,2,2017-11-18,1.2839056638295,0.7,"ili perc","quantile"
"HHS Region 10",2017-11-04,2,2017-11-18,1.32660753965009,0.75,"ili perc","quantile"
"HHS Region 10",2017-11-04,2,2017-11-18,1.47658271317829,0.8,"ili perc","quantile"
"HHS Region 10",2017-11-04,2,2017-11-18,1.63141312472471,0.85,"ili perc","quantile"
"HHS Region 10",2017-11-04,2,2017-11-18,1.76285982614868,0.9,"ili perc","quantile"
"HHS Region 10",2017-11-04,2,2017-11-18,1.99978887593216,0.95,"ili perc","quantile"
"HHS Region 10",2017-11-04,2,2017-11-18,2.32591128588999,0.975,"ili perc","quantile"
"HHS Region 10",2017-11-04,2,2017-11-18,2.35756261747806,0.99,"ili perc","quantile"
"HHS Region 10",2017-11-04,3,2017-11-25,0.400373871363725,0.01,"ili perc","quantile"
"HHS Region 10",2017-11-04,3,2017-11-25,0.567270094771097,0.025,"ili perc","quantile"
"HHS Region 10",2017-11-04,3,2017-11-25,0.605501077958027,0.05,"ili perc","quantile"
"HHS Region 10",2017-11-04,3,2017-11-25,0.719729980351265,0.1,"ili perc","quantile"
"HHS Region 10",2017-11-04,3,2017-11-25,0.753601747248053,0.15,"ili perc","quantile"
"HHS Region 10",2017-11-04,3,2017-11-25,0.80044134083339,0.2,"ili perc","quantile"
"HHS Region 10",2017-11-04,3,2017-11-25,0.842218151436431,0.25,"ili perc","quantile"
"HHS Region 10",2017-11-04,3,2017-11-25,0.878558818056247,0.3,"ili perc","quantile"
"HHS Region 10",2017-11-04,3,2017-11-25,0.956108179306921,0.35,"ili perc","quantile"
"HHS Region 10",2017-11-04,3,2017-11-25,0.992639032143502,0.4,"ili perc","quantile"
"HHS Region 10",2017-11-04,3,2017-11-25,1.00517653562687,0.45,"ili perc","quantile"
"HHS Region 10",2017-11-04,3,2017-11-25,1.06913583111235,0.5,"ili perc","quantile"
"HHS Region 10",2017-11-04,3,2017-11-25,1.10540391797076,0.55,"ili perc","quantile"
"HHS Region 10",2017-11-04,3,2017-11-25,1.16743482189251,0.6,"ili perc","quantile"
"HHS Region 10",2017-11-04,3,2017-11-25,1.30623489642682,0.65,"ili perc","quantile"
"HHS Region 10",2017-11-04,3,2017-11-25,1.41125234634809,0.7,"ili perc","quantile"
"HHS Region 10",2017-11-04,3,2017-11-25,1.47997313500302,0.75,"ili perc","quantile"
"HHS Region 10",2017-11-04,3,2017-11-25,1.5825257379654,0.8,"ili perc","quantile"
"HHS Region 10",2017-11-04,3,2017-11-25,1.7637541235908,0.85,"ili perc","quantile"
"HHS Region 10",2017-11-04,3,2017-11-25,2.02781520064886,0.9,"ili perc","quantile"
"HHS Region 10",2017-11-04,3,2017-11-25,2.4611762527127,0.95,"ili perc","quantile"
"HHS Region 10",2017-11-04,3,2017-11-25,2.68366361232188,0.975,"ili perc","quantile"
"HHS Region 10",2017-11-04,3,2017-11-25,2.75588597126348,0.99,"ili perc","quantile"
"HHS Region 10",2017-11-04,4,2017-12-02,0.417747449505483,0.01,"ili perc","quantile"
"HHS Region 10",2017-11-04,4,2017-12-02,0.468448101871376,0.025,"ili perc","quantile"
"HHS Region 10",2017-11-04,4,2017-12-02,0.61167294355556,0.05,"ili perc","quantile"
"HHS Region 10",2017-11-04,4,2017-12-02,0.705049120551113,0.1,"ili perc","quantile"
"HHS Region 10",2017-11-04,4,2017-12-02,0.783544173761482,0.15,"ili perc","quantile"
"HHS Region 10",2017-11-04,4,2017-12-02,0.905475415508728,0.2,"ili perc","quantile"
"HHS Region 10",2017-11-04,4,2017-12-02,1.04615887346967,0.25,"ili perc","quantile"
"HHS Region 10",2017-11-04,4,2017-12-02,1.1155461074521,0.3,"ili perc","quantile"
"HHS Region 10",2017-11-04,4,2017-12-02,1.14266978150533,0.35,"ili perc","quantile"
"HHS Region 10",2017-11-04,4,2017-12-02,1.18600253800205,0.4,"ili perc","quantile"
"HHS Region 10",2017-11-04,4,2017-12-02,1.20906858258278,0.45,"ili perc","quantile"
"HHS Region 10",2017-11-04,4,2017-12-02,1.2678125341658,0.5,"ili perc","quantile"
"HHS Region 10",2017-11-04,4,2017-12-02,1.34843684260593,0.55,"ili perc","quantile"
"HHS Region 10",2017-11-04,4,2017-12-02,1.46581732056425,0.6,"ili perc","quantile"
"HHS Region 10",2017-11-04,4,2017-12-02,1.53649582279867,0.65,"ili perc","quantile"
"HHS Region 10",2017-11-04,4,2017-12-02,1.64805450049581,0.7,"ili perc","quantile"
"HHS Region 10",2017-11-04,4,2017-12-02,1.78806957616175,0.75,"ili perc","quantile"
"HHS Region 10",2017-11-04,4,2017-12-02,1.93415306317508,0.8,"ili perc","quantile"
"HHS Region 10",2017-11-04,4,2017-12-02,2.03088008594838,0.85,"ili perc","quantile"
"HHS Region 10",2017-11-04,4,2017-12-02,2.3894104149535,0.9,"ili perc","quantile"
"HHS Region 10",2017-11-04,4,2017-12-02,2.89782802766651,0.95,"ili perc","quantile"
"HHS Region 10",2017-11-04,4,2017-12-02,2.96634498358481,0.975,"ili perc","quantile"
"HHS Region 10",2017-11-04,4,2017-12-02,3.31332881753402,0.99,"ili perc","quantile"
"HHS Region 2",2017-11-04,1,2017-11-11,1.98964305370911,0.01,"ili perc","quantile"
"HHS Region 2",2017-11-04,1,2017-11-11,2.04243982998367,0.025,"ili perc","quantile"
"HHS Region 2",2017-11-04,1,2017-11-11,2.08000398776309,0.05,"ili perc","quantile"
"HHS Region 2",2017-11-04,1,2017-11-11,2.25175114973003,0.1,"ili perc","quantile"
"HHS Region 2",2017-11-04,1,2017-11-11,2.36748944179677,0.15,"ili perc","quantile"
"HHS Region 2",2017-11-04,1,2017-11-11,2.41386099932056,0.2,"ili perc","quantile"
"HHS Region 2",2017-11-04,1,2017-11-11,2.49715917262409,0.25,"ili perc","quantile"
"HHS Region 2",2017-11-04,1,2017-11-11,2.53858808340175,0.3,"ili perc","quantile"
"HHS Region 2",2017-11-04,1,2017-11-11,2.55818974876809,0.35,"ili perc","quantile"
"HHS Region 2",2017-11-04,1,2017-11-11,2.57056992486685,0.4,"ili perc","quantile"
"HHS Region 2",2017-11-04,1,2017-11-11,2.60101982063671,0.45,"ili perc","quantile"
"HHS Region 2",2017-11-04,1,2017-11-11,2.63597574179024,0.5,"ili perc","quantile"
"HHS Region 2",2017-11-04,1,2017-11-11,2.70362468467411,0.55,"ili perc","quantile"
"HHS Region 2",2017-11-04,1,2017-11-11,2.8021032130225,0.6,"ili perc","quantile"
"HHS Region 2",2017-11-04,1,2017-11-11,2.83492256420668,0.65,"ili perc","quantile"
"HHS Region 2",2017-11-04,1,2017-11-11,2.85378799285803,0.7,"ili perc","quantile"
"HHS Region 2",2017-11-04,1,2017-11-11,2.90136092793406,0.75,"ili perc","quantile"
"HHS Region 2",2017-11-04,1,2017-11-11,2.95323275808373,0.8,"ili perc","quantile"
"HHS Region 2",2017-11-04,1,2017-11-11,2.97449089292144,0.85,"ili perc","quantile"
"HHS Region 2",2017-11-04,1,2017-11-11,3.1346416258984,0.9,"ili perc","quantile"
"HHS Region 2",2017-11-04,1,2017-11-11,3.3316126140702,0.95,"ili perc","quantile"
"HHS Region 2",2017-11-04,1,2017-11-11,3.53874899137802,0.975,"ili perc","quantile"
"HHS Region 2",2017-11-04,1,2017-11-11,3.76452080639305,0.99,"ili perc","quantile"
"HHS Region 2",2017-11-04,2,2017-11-18,2.02862724552781,0.01,"ili perc","quantile"
"HHS Region 2",2017-11-04,2,2017-11-18,2.14223366764918,0.025,"ili perc","quantile"
"HHS Region 2",2017-11-04,2,2017-11-18,2.23057751012034,0.05,"ili perc","quantile"
"HHS Region 2",2017-11-04,2,2017-11-18,2.38820761049791,0.1,"ili perc","quantile"
"HHS Region 2",2017-11-04,2,2017-11-18,2.47850043037053,0.15,"ili perc","quantile"
"HHS Region 2",2017-11-04,2,2017-11-18,2.53356828531802,0.2,"ili perc","quantile"
"HHS Region 2",2017-11-04,2,2017-11-18,2.63498223167863,0.25,"ili perc","quantile"
"HHS Region 2",2017-11-04,2,2017-11-18,2.66461684377577,0.3,"ili perc","quantile"
"HHS Region 2",2017-11-04,2,2017-11-18,2.74319058977853,0.35,"ili perc","quantile"
"HHS Region 2",2017-11-04,2,2017-11-18,2.77172095981135,0.4,"ili perc","quantile"
"HHS Region 2",2017-11-04,2,2017-11-18,2.8041847473935,0.45,"ili perc","quantile"
"HHS Region 2",2017-11-04,2,2017-11-18,2.88867820101433,0.5,"ili perc","quantile"
"HHS Region 2",2017-11-04,2,2017-11-18,2.92988717687499,0.55,"ili perc","quantile"
"HHS Region 2",2017-11-04,2,2017-11-18,2.98446996360955,0.6,"ili perc","quantile"
"HHS Region 2",2017-11-04,2,2017-11-18,3.08004587952204,0.65,"ili perc","quantile"
"HHS Region 2",2017-11-04,2,2017-11-18,3.13892627871362,0.7,"ili perc","quantile"
"HHS Region 2",2017-11-04,2,2017-11-18,3.21140038229226,0.75,"ili perc","quantile"
"HHS Region 2",2017-11-04,2,2017-11-18,3.31479339484403,0.8,"ili perc","quantile"
"HHS Region 2",2017-11-04,2,2017-11-18,3.42075310586416,0.85,"ili perc","quantile"
"HHS Region 2",2017-11-04,2,2017-11-18,3.55317353953565,0.9,"ili perc","quantile"
"HHS Region 2",2017-11-04,2,2017-11-18,3.88644336231497,0.95,"ili perc","quantile"
"HHS Region 2",2017-11-04,2,2017-11-18,4.26390146790714,0.975,"ili perc","quantile"
"HHS Region 2",2017-11-04,2,2017-11-18,4.65100084169041,0.99,"ili perc","quantile"
"HHS Region 2",2017-11-04,3,2017-11-25,1.72292319579925,0.01,"ili perc","quantile"
"HHS Region 2",2017-11-04,3,2017-11-25,2.09540231551531,0.025,"ili perc","quantile"
"HHS Region 2",2017-11-04,3,2017-11-25,2.33023207499524,0.05,"ili perc","quantile"
"HHS Region 2",2017-11-04,3,2017-11-25,2.51697017639348,0.1,"ili perc","quantile"
"HHS Region 2",2017-11-04,3,2017-11-25,2.67778201415554,0.15,"ili perc","quantile"
"HHS Region 2",2017-11-04,3,2017-11-25,2.74810939482247,0.2,"ili perc","quantile"
"HHS Region 2",2017-11-04,3,2017-11-25,2.81841644426266,0.25,"ili perc","quantile"
"HHS Region 2",2017-11-04,3,2017-11-25,2.8693174600454,0.3,"ili perc","quantile"
"HHS Region 2",2017-11-04,3,2017-11-25,2.91324894508877,0.35,"ili perc","quantile"
"HHS Region 2",2017-11-04,3,2017-11-25,3.00590989470845,0.4,"ili perc","quantile"
"HHS Region 2",2017-11-04,3,2017-11-25,3.03853014186721,0.45,"ili perc","quantile"
"HHS Region 2",2017-11-04,3,2017-11-25,3.06980596973312,0.5,"ili perc","quantile"
"HHS Region 2",2017-11-04,3,2017-11-25,3.14032192359257,0.55,"ili perc","quantile"
"HHS Region 2",2017-11-04,3,2017-11-25,3.28379368171116,0.6,"ili perc","quantile"
"HHS Region 2",2017-11-04,3,2017-11-25,3.40242364553335,0.65,"ili perc","quantile"
"HHS Region 2",2017-11-04,3,2017-11-25,3.5071028739393,0.7,"ili perc","quantile"
"HHS Region 2",2017-11-04,3,2017-11-25,3.5456785959039,0.75,"ili perc","quantile"
"HHS Region 2",2017-11-04,3,2017-11-25,3.64063411428484,0.8,"ili perc","quantile"
"HHS Region 2",2017-11-04,3,2017-11-25,3.76202532506267,0.85,"ili perc","quantile"
"HHS Region 2",2017-11-04,3,2017-11-25,3.97203879504699,0.9,"ili perc","quantile"
"HHS Region 2",2017-11-04,3,2017-11-25,4.63325413701527,0.95,"ili perc","quantile"
"HHS Region 2",2017-11-04,3,2017-11-25,5.23070480915826,0.975,"ili perc","quantile"
"HHS Region 2",2017-11-04,3,2017-11-25,5.50263594284025,0.99,"ili perc","quantile"
"HHS Region 2",2017-11-04,4,2017-12-02,1.70621138769838,0.01,"ili perc","quantile"
"HHS Region 2",2017-11-04,4,2017-12-02,2.01676392040321,0.025,"ili perc","quantile"
"HHS Region 2",2017-11-04,4,2017-12-02,2.40509433000916,0.05,"ili perc","quantile"
"HHS Region 2",2017-11-04,4,2017-12-02,2.59856057457083,0.1,"ili perc","quantile"
"HHS Region 2",2017-11-04,4,2017-12-02,2.77642077553776,0.15,"ili perc","quantile"
"HHS Region 2",2017-11-04,4,2017-12-02,2.88181467856242,0.2,"ili perc","quantile"
"HHS Region 2",2017-11-04,4,2017-12-02,3.00576406651656,0.25,"ili perc","quantile"
"HHS Region 2",2017-11-04,4,2017-12-02,3.05379153986168,0.3,"ili perc","quantile"
"HHS Region 2",2017-11-04,4,2017-12-02,3.13509322292181,0.35,"ili perc","quantile"
"HHS Region 2",2017-11-04,4,2017-12-02,3.19166347582532,0.4,"ili perc","quantile"
"HHS Region 2",2017-11-04,4,2017-12-02,3.24656942338779,0.45,"ili perc","quantile"
"HHS Region 2",2017-11-04,4,2017-12-02,3.36899661091023,0.5,"ili perc","quantile"
"HHS Region 2",2017-11-04,4,2017-12-02,3.44070569549805,0.55,"ili perc","quantile"
"HHS Region 2",2017-11-04,4,2017-12-02,3.50827129087131,0.6,"ili perc","quantile"
"HHS Region 2",2017-11-04,4,2017-12-02,3.61671847291919,0.65,"ili perc","quantile"
"HHS Region 2",2017-11-04,4,2017-12-02,3.69022921960085,0.7,"ili perc","quantile"
"HHS Region 2",2017-11-04,4,2017-12-02,3.73927129717441,0.75,"ili perc","quantile"
"HHS Region 2",2017-11-04,4,2017-12-02,3.91344602681815,0.8,"ili perc","quantile"
"HHS Region 2",2017-11-04,4,2017-12-02,4.17840916733732,0.85,"ili perc","quantile"
"HHS Region 2",2017-11-04,4,2017-12-02,4.26037285555328,0.9,"ili perc","quantile"
"HHS Region 2",2017-11-04,4,2017-12-02,4.75325478617726,0.95,"ili perc","quantile"
"HHS Region 2",2017-11-04,4,2017-12-02,5.51995874488212,0.975,"ili perc","quantile"
"HHS Region 2",2017-11-04,4,2017-12-02,6.05218138271851,0.99,"ili perc","quantile"
"HHS Region 3",2017-11-04,1,2017-11-11,0.294469713956892,0.01,"ili perc","quantile"
"HHS Region 3",2017-11-04,1,2017-11-11,0.887227846217219,0.025,"ili perc","quantile"
"HHS Region 3",2017-11-04,1,2017-11-11,1.00316642785241,0.05,"ili perc","quantile"
"HHS Region 3",2017-11-04,1,2017-11-11,1.06121554646188,0.1,"ili perc","quantile"
"HHS Region 3",2017-11-04,1,2017-11-11,1.09930161640073,0.15,"ili perc","quantile"
"HHS Region 3",2017-11-04,1,2017-11-11,1.13542409122407,0.2,"ili perc","quantile"
"HHS Region 3",2017-11-04,1,2017-11-11,1.15412207566499,0.25,"ili perc","quantile"
"HHS Region 3",2017-11-04,1,2017-11-11,1.17348720606506,0.3,"ili perc","quantile"
"HHS Region 3",2017-11-04,1,2017-11-11,1.19108775622021,0.35,"ili perc","quantile"
"HHS Region 3",2017-11-04,1,2017-11-11,1.20198158859875,0.4,"ili perc","quantile"
"HHS Region 3",2017-11-04,1,2017-11-11,1.21788688900089,0.45,"ili perc","quantile"
"HHS Region 3",2017-11-04,1,2017-11-11,1.23185851497979,0.5,"ili perc","quantile"
"HHS Region 3",2017-11-04,1,2017-11-11,1.25284025616178,0.55,"ili perc","quantile"
"HHS Region 3",2017-11-04,1,2017-11-11,1.26762364938241,0.6,"ili perc","quantile"
"HHS Region 3",2017-11-04,1,2017-11-11,1.27259140531303,0.65,"ili perc","quantile"
"HHS Region 3",2017-11-04,1,2017-11-11,1.30138873770837,0.7,"ili perc","quantile"
"HHS Region 3",2017-11-04,1,2017-11-11,1.32521441652037,0.75,"ili perc","quantile"
"HHS Region 3",2017-11-04,1,2017-11-11,1.33629766964405,0.8,"ili perc","quantile"
"HHS Region 3",2017-11-04,1,2017-11-11,1.39094887206135,0.85,"ili perc","quantile"
"HHS Region 3",2017-11-04,1,2017-11-11,1.43723887063075,0.9,"ili perc","quantile"
"HHS Region 3",2017-11-04,1,2017-11-11,1.66856997635858,0.95,"ili perc","quantile"
"HHS Region 3",2017-11-04,1,2017-11-11,1.87866634431939,0.975,"ili perc","quantile"
"HHS Region 3",2017-11-04,1,2017-11-11,1.97459857932983,0.99,"ili perc","quantile"
"HHS Region 3",2017-11-04,2,2017-11-18,0.737559032652316,0.01,"ili perc","quantile"
"HHS Region 3",2017-11-04,2,2017-11-18,0.779041492344079,0.025,"ili perc","quantile"
"HHS Region 3",2017-11-04,2,2017-11-18,0.869596985142104,0.05,"ili perc","quantile"
"HHS Region 3",2017-11-04,2,2017-11-18,0.992877971819375,0.1,"ili perc","quantile"
"HHS Region 3",2017-11-04,2,2017-11-18,1.0551041728024,0.15,"ili perc","quantile"
"HHS Region 3",2017-11-04,2,2017-11-18,1.11676802039324,0.2,"ili perc","quantile"
"HHS Region 3",2017-11-04,2,2017-11-18,1.14412851207778,0.25,"ili perc","quantile"
"HHS Region 3",2017-11-04,2,2017-11-18,1.15587225139075,0.3,"ili perc","quantile"
"HHS Region 3",2017-11-04,2,2017-11-18,1.17672667457174,0.35,"ili perc","quantile"
"HHS Region 3",2017-11-04,2,2017-11-18,1.20267649219536,0.4,"ili perc","quantile"
"HHS Region 3",2017-11-04,2,2017-11-18,1.24985350885463,0.45,"ili perc","quantile"
"HHS Region 3",2017-11-04,2,2017-11-18,1.27538426006573,0.5,"ili perc","quantile"
"HHS Region 3",2017-11-04,2,2017-11-18,1.28559118420991,0.55,"ili perc","quantile"
"HHS Region 3",2017-11-04,2,2017-11-18,1.30304380474019,0.6,"ili perc","quantile"
"HHS Region 3",2017-11-04,2,2017-11-18,1.33562566264815,0.65,"ili perc","quantile"
"HHS Region 3",2017-11-04,2,2017-11-18,1.35212451232212,0.7,"ili perc","quantile"
"HHS Region 3",2017-11-04,2,2017-11-18,1.40458798222725,0.75,"ili perc","quantile"
"HHS Region 3",2017-11-04,2,2017-11-18,1.42696791593052,0.8,"ili perc","quantile"
"HHS Region 3",2017-11-04,2,2017-11-18,1.4426578856688,0.85,"ili perc","quantile"
"HHS Region 3",2017-11-04,2,2017-11-18,1.48686809737763,0.9,"ili perc","quantile"
"HHS Region 3",2017-11-04,2,2017-11-18,1.54514277177382,0.95,"ili perc","quantile"
"HHS Region 3",2017-11-04,2,2017-11-18,1.79084681208309,0.975,"ili perc","quantile"
"HHS Region 3",2017-11-04,2,2017-11-18,2.09841118751533,0.99,"ili perc","quantile"
"HHS Region 3",2017-11-04,3,2017-11-25,0.767990372740778,0.01,"ili perc","quantile"
"HHS Region 3",2017-11-04,3,2017-11-25,0.852465144225158,0.025,"ili perc","quantile"
"HHS Region 3",2017-11-04,3,2017-11-25,0.953364857970594,0.05,"ili perc","quantile"
"HHS Region 3",2017-11-04,3,2017-11-25,1.07240712163979,0.1,"ili perc","quantile"
"HHS Region 3",2017-11-04,3,2017-11-25,1.11673509591751,0.15,"ili perc","quantile"
"HHS Region 3",2017-11-04,3,2017-11-25,1.13823193926336,0.2,"ili perc","quantile"
"HHS Region 3",2017-11-04,3,2017-11-25,1.17577627331525,0.25,"ili perc","quantile"
"HHS Region 3",2017-11-04,3,2017-11-25,1.21363830095059,0.3,"ili perc","quantile"
"HHS Region 3",2017-11-04,3,2017-11-25,1.23025995434658,0.35,"ili perc","quantile"
"HHS Region 3",2017-11-04,3,2017-11-25,1.25789393481986,0.4,"ili perc","quantile"
"HHS Region 3",2017-11-04,3,2017-11-25,1.29794827887655,0.45,"ili perc","quantile"
"HHS Region 3",2017-11-04,3,2017-11-25,1.34261610180476,0.5,"ili perc","quantile"
"HHS Region 3",2017-11-04,3,2017-11-25,1.35967802473001,0.55,"ili perc","quantile"
"HHS Region 3",2017-11-04,3,2017-11-25,1.38331277405976,0.6,"ili perc","quantile"
"HHS Region 3",2017-11-04,3,2017-11-25,1.40123817555202,0.65,"ili perc","quantile"
"HHS Region 3",2017-11-04,3,2017-11-25,1.43788348066789,0.7,"ili perc","quantile"
"HHS Region 3",2017-11-04,3,2017-11-25,1.45895150137792,0.75,"ili perc","quantile"
"HHS Region 3",2017-11-04,3,2017-11-25,1.48701158793889,0.8,"ili perc","quantile"
"HHS Region 3",2017-11-04,3,2017-11-25,1.53770755071099,0.85,"ili perc","quantile"
"HHS Region 3",2017-11-04,3,2017-11-25,1.58528877071343,0.9,"ili perc","quantile"
"HHS Region 3",2017-11-04,3,2017-11-25,1.68171098510514,0.95,"ili perc","quantile"
"HHS Region 3",2017-11-04,3,2017-11-25,1.87210800680987,0.975,"ili perc","quantile"
"HHS Region 3",2017-11-04,3,2017-11-25,1.94791670332624,0.99,"ili perc","quantile"
"HHS Region 3",2017-11-04,4,2017-12-02,0.966341652714547,0.01,"ili perc","quantile"
"HHS Region 3",2017-11-04,4,2017-12-02,0.981857487170254,0.025,"ili perc","quantile"
"HHS Region 3",2017-11-04,4,2017-12-02,1.11244655723752,0.05,"ili perc","quantile"
"HHS Region 3",2017-11-04,4,2017-12-02,1.18989466277907,0.1,"ili perc","quantile"
"HHS Region 3",2017-11-04,4,2017-12-02,1.23919208300619,0.15,"ili perc","quantile"
"HHS Region 3",2017-11-04,4,2017-12-02,1.28146660815494,0.2,"ili perc","quantile"
"HHS Region 3",2017-11-04,4,2017-12-02,1.30751077297087,0.25,"ili perc","quantile"
"HHS Region 3",2017-11-04,4,2017-12-02,1.3464776575353,0.3,"ili perc","quantile"
"HHS Region 3",2017-11-04,4,2017-12-02,1.39260073456022,0.35,"ili perc","quantile"
"HHS Region 3",2017-11-04,4,2017-12-02,1.41430622959294,0.4,"ili perc","quantile"
"HHS Region 3",2017-11-04,4,2017-12-02,1.45679536420571,0.45,"ili perc","quantile"
"HHS Region 3",2017-11-04,4,2017-12-02,1.49618055701628,0.5,"ili perc","quantile"
"HHS Region 3",2017-11-04,4,2017-12-02,1.51724893553195,0.55,"ili perc","quantile"
"HHS Region 3",2017-11-04,4,2017-12-02,1.54820660819353,0.6,"ili perc","quantile"
"HHS Region 3",2017-11-04,4,2017-12-02,1.58263866300468,0.65,"ili perc","quantile"
"HHS Region 3",2017-11-04,4,2017-12-02,1.60151150930901,0.7,"ili perc","quantile"
"HHS Region 3",2017-11-04,4,2017-12-02,1.62486113980156,0.75,"ili perc","quantile"
"HHS Region 3",2017-11-04,4,2017-12-02,1.66524275090452,0.8,"ili perc","quantile"
"HHS Region 3",2017-11-04,4,2017-12-02,1.73260539789697,0.85,"ili perc","quantile"
"HHS Region 3",2017-11-04,4,2017-12-02,1.9053081340891,0.9,"ili perc","quantile"
"HHS Region 3",2017-11-04,4,2017-12-02,1.99819564874942,0.95,"ili perc","quantile"
"HHS Region 3",2017-11-04,4,2017-12-02,2.06296315880113,0.975,"ili perc","quantile"
"HHS Region 3",2017-11-04,4,2017-12-02,2.089445630377,0.99,"ili perc","quantile"
"HHS Region 4",2017-11-04,1,2017-11-11,1.61370645626283,0.01,"ili perc","quantile"
"HHS Region 4",2017-11-04,1,2017-11-11,1.70730291614948,0.025,"ili perc","quantile"
"HHS Region 4",2017-11-04,1,2017-11-11,1.78733378355815,0.05,"ili perc","quantile"
"HHS Region 4",2017-11-04,1,2017-11-11,1.83934410261152,0.1,"ili perc","quantile"
"HHS Region 4",2017-11-04,1,2017-11-11,1.85659091977755,0.15,"ili perc","quantile"
"HHS Region 4",2017-11-04,1,2017-11-11,1.89055457578927,0.2,"ili perc","quantile"
"HHS Region 4",2017-11-04,1,2017-11-11,1.90773747492159,0.25,"ili perc","quantile"
"HHS Region 4",2017-11-04,1,2017-11-11,1.93036152658473,0.3,"ili perc","quantile"
"HHS Region 4",2017-11-04,1,2017-11-11,1.94644344312576,0.35,"ili perc","quantile"
"HHS Region 4",2017-11-04,1,2017-11-11,1.97005679376236,0.4,"ili perc","quantile"
"HHS Region 4",2017-11-04,1,2017-11-11,1.99979014377338,0.45,"ili perc","quantile"
"HHS Region 4",2017-11-04,1,2017-11-11,2.0288122722702,0.5,"ili perc","quantile"
"HHS Region 4",2017-11-04,1,2017-11-11,2.04253676838392,0.55,"ili perc","quantile"
"HHS Region 4",2017-11-04,1,2017-11-11,2.05136015981318,0.6,"ili perc","quantile"
"HHS Region 4",2017-11-04,1,2017-11-11,2.0670490412334,0.65,"ili perc","quantile"
"HHS Region 4",2017-11-04,1,2017-11-11,2.08407293084808,0.7,"ili perc","quantile"
"HHS Region 4",2017-11-04,1,2017-11-11,2.10516262878455,0.75,"ili perc","quantile"
"HHS Region 4",2017-11-04,1,2017-11-11,2.12925210277596,0.8,"ili perc","quantile"
"HHS Region 4",2017-11-04,1,2017-11-11,2.17958377536015,0.85,"ili perc","quantile"
"HHS Region 4",2017-11-04,1,2017-11-11,2.20557001500424,0.9,"ili perc","quantile"
"HHS Region 4",2017-11-04,1,2017-11-11,2.30989014982409,0.95,"ili perc","quantile"
"HHS Region 4",2017-11-04,1,2017-11-11,2.31122081422617,0.975,"ili perc","quantile"
"HHS Region 4",2017-11-04,1,2017-11-11,2.33664457517765,0.99,"ili perc","quantile"
"HHS Region 4",2017-11-04,2,2017-11-18,1.80143906575404,0.01,"ili perc","quantile"
"HHS Region 4",2017-11-04,2,2017-11-18,1.85751213318784,0.025,"ili perc","quantile"
"HHS Region 4",2017-11-04,2,2017-11-18,1.95497729143143,0.05,"ili perc","quantile"
"HHS Region 4",2017-11-04,2,2017-11-18,2.01160740134072,0.1,"ili perc","quantile"
"HHS Region 4",2017-11-04,2,2017-11-18,2.03132411025887,0.15,"ili perc","quantile"
"HHS Region 4",2017-11-04,2,2017-11-18,2.06038771931859,0.2,"ili perc","quantile"
"HHS Region 4",2017-11-04,2,2017-11-18,2.12029434852973,0.25,"ili perc","quantile"
"HHS Region 4",2017-11-04,2,2017-11-18,2.13032986569481,0.3,"ili perc","quantile"
"HHS Region 4",2017-11-04,2,2017-11-18,2.14390458533826,0.35,"ili perc","quantile"
"HHS Region 4",2017-11-04,2,2017-11-18,2.17991631454636,0.4,"ili perc","quantile"
"HHS Region 4",2017-11-04,2,2017-11-18,2.1982222383049,0.45,"ili perc","quantile"
"HHS Region 4",2017-11-04,2,2017-11-18,2.21643174180502,0.5,"ili perc","quantile"
"HHS Region 4",2017-11-04,2,2017-11-18,2.25450801847919,0.55,"ili perc","quantile"
"HHS Region 4",2017-11-04,2,2017-11-18,2.30224538337088,0.6,"ili perc","quantile"
"HHS Region 4",2017-11-04,2,2017-11-18,2.33435824968919,0.65,"ili perc","quantile"
"HHS Region 4",2017-11-04,2,2017-11-18,2.36514454533755,0.7,"ili perc","quantile"
"HHS Region 4",2017-11-04,2,2017-11-18,2.3764229313106,0.75,"ili perc","quantile"
"HHS Region 4",2017-11-04,2,2017-11-18,2.39223029376616,0.8,"ili perc","quantile"
"HHS Region 4",2017-11-04,2,2017-11-18,2.41329343177197,0.85,"ili perc","quantile"
"HHS Region 4",2017-11-04,2,2017-11-18,2.51352848004442,0.9,"ili perc","quantile"
"HHS Region 4",2017-11-04,2,2017-11-18,2.59363115872609,0.95,"ili perc","quantile"
"HHS Region 4",2017-11-04,2,2017-11-18,2.69414603648709,0.975,"ili perc","quantile"
"HHS Region 4",2017-11-04,2,2017-11-18,2.77660990340283,0.99,"ili perc","quantile"
"HHS Region 4",2017-11-04,3,2017-11-25,1.74705641074934,0.01,"ili perc","quantile"
"HHS Region 4",2017-11-04,3,2017-11-25,1.77628731880391,0.025,"ili perc","quantile"
"HHS Region 4",2017-11-04,3,2017-11-25,1.82269337361891,0.05,"ili perc","quantile"
"HHS Region 4",2017-11-04,3,2017-11-25,1.87894878998563,0.1,"ili perc","quantile"
"HHS Region 4",2017-11-04,3,2017-11-25,1.94821563466362,0.15,"ili perc","quantile"
"HHS Region 4",2017-11-04,3,2017-11-25,1.97508376367866,0.2,"ili perc","quantile"
"HHS Region 4",2017-11-04,3,2017-11-25,2.00234976341105,0.25,"ili perc","quantile"
"HHS Region 4",2017-11-04,3,2017-11-25,2.03021806171177,0.3,"ili perc","quantile"
"HHS Region 4",2017-11-04,3,2017-11-25,2.07615073914728,0.35,"ili perc","quantile"
"HHS Region 4",2017-11-04,3,2017-11-25,2.11247657122068,0.4,"ili perc","quantile"
"HHS Region 4",2017-11-04,3,2017-11-25,2.15006141960248,0.45,"ili perc","quantile"
"HHS Region 4",2017-11-04,3,2017-11-25,2.18319128805304,0.5,"ili perc","quantile"
"HHS Region 4",2017-11-04,3,2017-11-25,2.22858903329731,0.55,"ili perc","quantile"
"HHS Region 4",2017-11-04,3,2017-11-25,2.25154082223351,0.6,"ili perc","quantile"
"HHS Region 4",2017-11-04,3,2017-11-25,2.28080905684019,0.65,"ili perc","quantile"
"HHS Region 4",2017-11-04,3,2017-11-25,2.33424823353335,0.7,"ili perc","quantile"
"HHS Region 4",2017-11-04,3,2017-11-25,2.36106794930905,0.75,"ili perc","quantile"
"HHS Region 4",2017-11-04,3,2017-11-25,2.3908400687766,0.8,"ili perc","quantile"
"HHS Region 4",2017-11-04,3,2017-11-25,2.46545465132041,0.85,"ili perc","quantile"
"HHS Region 4",2017-11-04,3,2017-11-25,2.62930628307754,0.9,"ili perc","quantile"
"HHS Region 4",2017-11-04,3,2017-11-25,2.76011301437968,0.95,"ili perc","quantile"
"HHS Region 4",2017-11-04,3,2017-11-25,2.87825954330219,0.975,"ili perc","quantile"
"HHS Region 4",2017-11-04,3,2017-11-25,2.99520135334606,0.99,"ili perc","quantile"
"HHS Region 4",2017-11-04,4,2017-12-02,1.61486260163631,0.01,"ili perc","quantile"
"HHS Region 4",2017-11-04,4,2017-12-02,1.65622292636722,0.025,"ili perc","quantile"
"HHS Region 4",2017-11-04,4,2017-12-02,1.68516797095919,0.05,"ili perc","quantile"
"HHS Region 4",2017-11-04,4,2017-12-02,1.73727448275284,0.1,"ili perc","quantile"
"HHS Region 4",2017-11-04,4,2017-12-02,1.77563438626173,0.15,"ili perc","quantile"
"HHS Region 4",2017-11-04,4,2017-12-02,1.85387880047114,0.2,"ili perc","quantile"
"HHS Region 4",2017-11-04,4,2017-12-02,1.90502466208144,0.25,"ili perc","quantile"
"HHS Region 4",2017-11-04,4,2017-12-02,1.92861512189433,0.3,"ili perc","quantile"
"HHS Region 4",2017-11-04,4,2017-12-02,1.96984174072801,0.35,"ili perc","quantile"
"HHS Region 4",2017-11-04,4,2017-12-02,2.00653578123977,0.4,"ili perc","quantile"
"HHS Region 4",2017-11-04,4,2017-12-02,2.07524323649736,0.45,"ili perc","quantile"
"HHS Region 4",2017-11-04,4,2017-12-02,2.09970808613221,0.5,"ili perc","quantile"
"HHS Region 4",2017-11-04,4,2017-12-02,2.12572158296266,0.55,"ili perc","quantile"
"HHS Region 4",2017-11-04,4,2017-12-02,2.19296329450439,0.6,"ili perc","quantile"
"HHS Region 4",2017-11-04,4,2017-12-02,2.21517030910458,0.65,"ili perc","quantile"
"HHS Region 4",2017-11-04,4,2017-12-02,2.24379807053309,0.7,"ili perc","quantile"
"HHS Region 4",2017-11-04,4,2017-12-02,2.28779585630142,0.75,"ili perc","quantile"
"HHS Region 4",2017-11-04,4,2017-12-02,2.31769877484028,0.8,"ili perc","quantile"
"HHS Region 4",2017-11-04,4,2017-12-02,2.47046521793655,0.85,"ili perc","quantile"
"HHS Region 4",2017-11-04,4,2017-12-02,2.53008721580273,0.9,"ili perc","quantile"
"HHS Region 4",2017-11-04,4,2017-12-02,2.73013783442054,0.95,"ili perc","quantile"
"HHS Region 4",2017-11-04,4,2017-12-02,3.02279933157781,0.975,"ili perc","quantile"
"HHS Region 4",2017-11-04,4,2017-12-02,3.2068035080329,0.99,"ili perc","quantile"
"HHS Region 5",2017-11-04,1,2017-11-11,1.06190886964475,0.01,"ili perc","quantile"
"HHS Region 5",2017-11-04,1,2017-11-11,1.08346747905868,0.025,"ili perc","quantile"
"HHS Region 5",2017-11-04,1,2017-11-11,1.1044959821807,0.05,"ili perc","quantile"
"HHS Region 5",2017-11-04,1,2017-11-11,1.1163973019514,0.1,"ili perc","quantile"
"HHS Region 5",2017-11-04,1,2017-11-11,1.12046511908585,0.15,"ili perc","quantile"
"HHS Region 5",2017-11-04,1,2017-11-11,1.1400588052084,0.2,"ili perc","quantile"
"HHS Region 5",2017-11-04,1,2017-11-11,1.15775921441842,0.25,"ili perc","quantile"
"HHS Region 5",2017-11-04,1,2017-11-11,1.16890631983429,0.3,"ili perc","quantile"
"HHS Region 5",2017-11-04,1,2017-11-11,1.18208155984837,0.35,"ili perc","quantile"
"HHS Region 5",2017-11-04,1,2017-11-11,1.19020296196041,0.4,"ili perc","quantile"
"HHS Region 5",2017-11-04,1,2017-11-11,1.19597710976855,0.45,"ili perc","quantile"
"HHS Region 5",2017-11-04,1,2017-11-11,1.20239454193896,0.5,"ili perc","quantile"
"HHS Region 5",2017-11-04,1,2017-11-11,1.20983690760499,0.55,"ili perc","quantile"
"HHS Region 5",2017-11-04,1,2017-11-11,1.21565801552249,0.6,"ili perc","quantile"
"HHS Region 5",2017-11-04,1,2017-11-11,1.22157040722154,0.65,"ili perc","quantile"
"HHS Region 5",2017-11-04,1,2017-11-11,1.2346584699973,0.7,"ili perc","quantile"
"HHS Region 5",2017-11-04,1,2017-11-11,1.24563085533797,0.75,"ili perc","quantile"
"HHS Region 5",2017-11-04,1,2017-11-11,1.25964836627136,0.8,"ili perc","quantile"
"HHS Region 5",2017-11-04,1,2017-11-11,1.28515343223884,0.85,"ili perc","quantile"
"HHS Region 5",2017-11-04,1,2017-11-11,1.297380319412,0.9,"ili perc","quantile"
"HHS Region 5",2017-11-04,1,2017-11-11,1.34388226625987,0.95,"ili perc","quantile"
"HHS Region 5",2017-11-04,1,2017-11-11,1.39620845874353,0.975,"ili perc","quantile"
"HHS Region 5",2017-11-04,1,2017-11-11,1.42881450622567,0.99,"ili perc","quantile"
"HHS Region 5",2017-11-04,2,2017-11-18,0.96040729835575,0.01,"ili perc","quantile"
"HHS Region 5",2017-11-04,2,2017-11-18,1.06676088273046,0.025,"ili perc","quantile"
"HHS Region 5",2017-11-04,2,2017-11-18,1.15435194800571,0.05,"ili perc","quantile"
"HHS Region 5",2017-11-04,2,2017-11-18,1.21747827845454,0.1,"ili perc","quantile"
"HHS Region 5",2017-11-04,2,2017-11-18,1.23294021764129,0.15,"ili perc","quantile"
"HHS Region 5",2017-11-04,2,2017-11-18,1.24337599638479,0.2,"ili perc","quantile"
"HHS Region 5",2017-11-04,2,2017-11-18,1.25050422805847,0.25,"ili perc","quantile"
"HHS Region 5",2017-11-04,2,2017-11-18,1.26456656358719,0.3,"ili perc","quantile"
"HHS Region 5",2017-11-04,2,2017-11-18,1.27017860122947,0.35,"ili perc","quantile"
"HHS Region 5",2017-11-04,2,2017-11-18,1.29070867918283,0.4,"ili perc","quantile"
"HHS Region 5",2017-11-04,2,2017-11-18,1.3062044531259,0.45,"ili perc","quantile"
"HHS Region 5",2017-11-04,2,2017-11-18,1.31020111899186,0.5,"ili perc","quantile"
"HHS Region 5",2017-11-04,2,2017-11-18,1.33513893724405,0.55,"ili perc","quantile"
"HHS Region 5",2017-11-04,2,2017-11-18,1.34226307559531,0.6,"ili perc","quantile"
"HHS Region 5",2017-11-04,2,2017-11-18,1.3537619567845,0.65,"ili perc","quantile"
"HHS Region 5",2017-11-04,2,2017-11-18,1.36028132166296,0.7,"ili perc","quantile"
"HHS Region 5",2017-11-04,2,2017-11-18,1.37030100649847,0.75,"ili perc","quantile"
"HHS Region 5",2017-11-04,2,2017-11-18,1.41060926197554,0.8,"ili perc","quantile"
"HHS Region 5",2017-11-04,2,2017-11-18,1.43047993084833,0.85,"ili perc","quantile"
"HHS Region 5",2017-11-04,2,2017-11-18,1.4556052449336,0.9,"ili perc","quantile"
"HHS Region 5",2017-11-04,2,2017-11-18,1.5374366559627,0.95,"ili perc","quantile"
"HHS Region 5",2017-11-04,2,2017-11-18,1.55273924455926,0.975,"ili perc","quantile"
"HHS Region 5",2017-11-04,2,2017-11-18,1.60617492251625,0.99,"ili perc","quantile"
"HHS Region 5",2017-11-04,3,2017-11-25,1.01913410851563,0.01,"ili perc","quantile"
"HHS Region 5",2017-11-04,3,2017-11-25,1.11090515934236,0.025,"ili perc","quantile"
"HHS Region 5",2017-11-04,3,2017-11-25,1.12680159433151,0.05,"ili perc","quantile"
"HHS Region 5",2017-11-04,3,2017-11-25,1.18327311936925,0.1,"ili perc","quantile"
"HHS Region 5",2017-11-04,3,2017-11-25,1.22942916765589,0.15,"ili perc","quantile"
"HHS Region 5",2017-11-04,3,2017-11-25,1.26923722732907,0.2,"ili perc","quantile"
"HHS Region 5",2017-11-04,3,2017-11-25,1.29127283968998,0.25,"ili perc","quantile"
"HHS Region 5",2017-11-04,3,2017-11-25,1.32036039643739,0.3,"ili perc","quantile"
"HHS Region 5",2017-11-04,3,2017-11-25,1.33448336963092,0.35,"ili perc","quantile"
"HHS Region 5",2017-11-04,3,2017-11-25,1.34714782717002,0.4,"ili perc","quantile"
"HHS Region 5",2017-11-04,3,2017-11-25,1.35771883924806,0.45,"ili perc","quantile"
"HHS Region 5",2017-11-04,3,2017-11-25,1.37222542486536,0.5,"ili perc","quantile"
"HHS Region 5",2017-11-04,3,2017-11-25,1.37915981323372,0.55,"ili perc","quantile"
"HHS Region 5",2017-11-04,3,2017-11-25,1.40412914930416,0.6,"ili perc","quantile"
"HHS Region 5",2017-11-04,3,2017-11-25,1.43165919023499,0.65,"ili perc","quantile"
"HHS Region 5",2017-11-04,3,2017-11-25,1.45443750405111,0.7,"ili perc","quantile"
"HHS Region 5",2017-11-04,3,2017-11-25,1.46593231048216,0.75,"ili perc","quantile"
"HHS Region 5",2017-11-04,3,2017-11-25,1.48745335979566,0.8,"ili perc","quantile"
"HHS Region 5",2017-11-04,3,2017-11-25,1.50821409454953,0.85,"ili perc","quantile"
"HHS Region 5",2017-11-04,3,2017-11-25,1.617394909766,0.9,"ili perc","quantile"
"HHS Region 5",2017-11-04,3,2017-11-25,1.67807363212167,0.95,"ili perc","quantile"
"HHS Region 5",2017-11-04,3,2017-11-25,1.74927261517047,0.975,"ili perc","quantile"
"HHS Region 5",2017-11-04,3,2017-11-25,1.89821233134064,0.99,"ili perc","quantile"
"HHS Region 5",2017-11-04,4,2017-12-02,1.18995639964081,0.01,"ili perc","quantile"
"HHS Region 5",2017-11-04,4,2017-12-02,1.24245725412065,0.025,"ili perc","quantile"
"HHS Region 5",2017-11-04,4,2017-12-02,1.27932345069496,0.05,"ili perc","quantile"
"HHS Region 5",2017-11-04,4,2017-12-02,1.32236798962711,0.1,"ili perc","quantile"
"HHS Region 5",2017-11-04,4,2017-12-02,1.40112887016285,0.15,"ili perc","quantile"
"HHS Region 5",2017-11-04,4,2017-12-02,1.42317807271283,0.2,"ili perc","quantile"
"HHS Region 5",2017-11-04,4,2017-12-02,1.46379531990903,0.25,"ili perc","quantile"
"HHS Region 5",2017-11-04,4,2017-12-02,1.49871699598135,0.3,"ili perc","quantile"
"HHS Region 5",2017-11-04,4,2017-12-02,1.53263250981617,0.35,"ili perc","quantile"
"HHS Region 5",2017-11-04,4,2017-12-02,1.54747067765646,0.4,"ili perc","quantile"
"HHS Region 5",2017-11-04,4,2017-12-02,1.57137808820519,0.45,"ili perc","quantile"
"HHS Region 5",2017-11-04,4,2017-12-02,1.59193705414949,0.5,"ili perc","quantile"
"HHS Region 5",2017-11-04,4,2017-12-02,1.6191924453284,0.55,"ili perc","quantile"
"HHS Region 5",2017-11-04,4,2017-12-02,1.63856366744421,0.6,"ili perc","quantile"
"HHS Region 5",2017-11-04,4,2017-12-02,1.66091593495565,0.65,"ili perc","quantile"
"HHS Region 5",2017-11-04,4,2017-12-02,1.6826129079204,0.7,"ili perc","quantile"
"HHS Region 5",2017-11-04,4,2017-12-02,1.69828451869467,0.75,"ili perc","quantile"
"HHS Region 5",2017-11-04,4,2017-12-02,1.71616658499765,0.8,"ili perc","quantile"
"HHS Region 5",2017-11-04,4,2017-12-02,1.78554331169087,0.85,"ili perc","quantile"
"HHS Region 5",2017-11-04,4,2017-12-02,1.87756777914748,0.9,"ili perc","quantile"
"HHS Region 5",2017-11-04,4,2017-12-02,2.05529896600888,0.95,"ili perc","quantile"
"HHS Region 5",2017-11-04,4,2017-12-02,2.15224262459579,0.975,"ili perc","quantile"
"HHS Region 5",2017-11-04,4,2017-12-02,2.29612639907353,0.99,"ili perc","quantile"
"HHS Region 6",2017-11-04,1,2017-11-11,2.56575042592766,0.01,"ili perc","quantile"
"HHS Region 6",2017-11-04,1,2017-11-11,2.63852225948732,0.025,"ili perc","quantile"
"HHS Region 6",2017-11-04,1,2017-11-11,2.6683613895741,0.05,"ili perc","quantile"
"HHS Region 6",2017-11-04,1,2017-11-11,2.83557288804353,0.1,"ili perc","quantile"
"HHS Region 6",2017-11-04,1,2017-11-11,2.96315072903162,0.15,"ili perc","quantile"
"HHS Region 6",2017-11-04,1,2017-11-11,2.98509724867325,0.2,"ili perc","quantile"
"HHS Region 6",2017-11-04,1,2017-11-11,3.04891338382362,0.25,"ili perc","quantile"
"HHS Region 6",2017-11-04,1,2017-11-11,3.08567737080773,0.3,"ili perc","quantile"
"HHS Region 6",2017-11-04,1,2017-11-11,3.12550843893875,0.35,"ili perc","quantile"
"HHS Region 6",2017-11-04,1,2017-11-11,3.1557384064837,0.4,"ili perc","quantile"
"HHS Region 6",2017-11-04,1,2017-11-11,3.18090465920867,0.45,"ili perc","quantile"
"HHS Region 6",2017-11-04,1,2017-11-11,3.24292668053975,0.5,"ili perc","quantile"
"HHS Region 6",2017-11-04,1,2017-11-11,3.26789592238775,0.55,"ili perc","quantile"
"HHS Region 6",2017-11-04,1,2017-11-11,3.30580167636942,0.6,"ili perc","quantile"
"HHS Region 6",2017-11-04,1,2017-11-11,3.34559962303068,0.65,"ili perc","quantile"
"HHS Region 6",2017-11-04,1,2017-11-11,3.41946928250731,0.7,"ili perc","quantile"
"HHS Region 6",2017-11-04,1,2017-11-11,3.54225302630355,0.75,"ili perc","quantile"
"HHS Region 6",2017-11-04,1,2017-11-11,3.61561488895366,0.8,"ili perc","quantile"
"HHS Region 6",2017-11-04,1,2017-11-11,3.68189760586126,0.85,"ili perc","quantile"
"HHS Region 6",2017-11-04,1,2017-11-11,3.76658282804987,0.9,"ili perc","quantile"
"HHS Region 6",2017-11-04,1,2017-11-11,4.20276324600423,0.95,"ili perc","quantile"
"HHS Region 6",2017-11-04,1,2017-11-11,4.80097525937359,0.975,"ili perc","quantile"
"HHS Region 6",2017-11-04,1,2017-11-11,4.91698252434682,0.99,"ili perc","quantile"
"HHS Region 6",2017-11-04,2,2017-11-18,2.62822023811024,0.01,"ili perc","quantile"
"HHS Region 6",2017-11-04,2,2017-11-18,2.67161840955773,0.025,"ili perc","quantile"
"HHS Region 6",2017-11-04,2,2017-11-18,2.7508995381222,0.05,"ili perc","quantile"
"HHS Region 6",2017-11-04,2,2017-11-18,2.8787446532627,0.1,"ili perc","quantile"
"HHS Region 6",2017-11-04,2,2017-11-18,3.03871997402715,0.15,"ili perc","quantile"
"HHS Region 6",2017-11-04,2,2017-11-18,3.10413935277605,0.2,"ili perc","quantile"
"HHS Region 6",2017-11-04,2,2017-11-18,3.1502997508741,0.25,"ili perc","quantile"
"HHS Region 6",2017-11-04,2,2017-11-18,3.20716387270359,0.3,"ili perc","quantile"
"HHS Region 6",2017-11-04,2,2017-11-18,3.27764531967884,0.35,"ili perc","quantile"
"HHS Region 6",2017-11-04,2,2017-11-18,3.33927294206265,0.4,"ili perc","quantile"
"HHS Region 6",2017-11-04,2,2017-11-18,3.41890668194972,0.45,"ili perc","quantile"
"HHS Region 6",2017-11-04,2,2017-11-18,3.49343045005515,0.5,"ili perc","quantile"
"HHS Region 6",2017-11-04,2,2017-11-18,3.55877255272474,0.55,"ili perc","quantile"
"HHS Region 6",2017-11-04,2,2017-11-18,3.59120743638527,0.6,"ili perc","quantile"
"HHS Region 6",2017-11-04,2,2017-11-18,3.63562791563673,0.65,"ili perc","quantile"
"HHS Region 6",2017-11-04,2,2017-11-18,3.68447122094252,0.7,"ili perc","quantile"
"HHS Region 6",2017-11-04,2,2017-11-18,3.77173746933935,0.75,"ili perc","quantile"
"HHS Region 6",2017-11-04,2,2017-11-18,3.85600872844796,0.8,"ili perc","quantile"
"HHS Region 6",2017-11-04,2,2017-11-18,4.04966602798584,0.85,"ili perc","quantile"
"HHS Region 6",2017-11-04,2,2017-11-18,4.22214311580706,0.9,"ili perc","quantile"
"HHS Region 6",2017-11-04,2,2017-11-18,4.6019813063194,0.95,"ili perc","quantile"
"HHS Region 6",2017-11-04,2,2017-11-18,4.95589756708843,0.975,"ili perc","quantile"
"HHS Region 6",2017-11-04,2,2017-11-18,5.67929396186986,0.99,"ili perc","quantile"
"HHS Region 6",2017-11-04,3,2017-11-25,2.45867425237818,0.01,"ili perc","quantile"
"HHS Region 6",2017-11-04,3,2017-11-25,2.61640622307728,0.025,"ili perc","quantile"
"HHS Region 6",2017-11-04,3,2017-11-25,2.82160862960158,0.05,"ili perc","quantile"
"HHS Region 6",2017-11-04,3,2017-11-25,2.95894384375088,0.1,"ili perc","quantile"
"HHS Region 6",2017-11-04,3,2017-11-25,3.13079375839192,0.15,"ili perc","quantile"
"HHS Region 6",2017-11-04,3,2017-11-25,3.23613792490526,0.2,"ili perc","quantile"
"HHS Region 6",2017-11-04,3,2017-11-25,3.29551958327744,0.25,"ili perc","quantile"
"HHS Region 6",2017-11-04,3,2017-11-25,3.37171743327932,0.3,"ili perc","quantile"
"HHS Region 6",2017-11-04,3,2017-11-25,3.53195768213484,0.35,"ili perc","quantile"
"HHS Region 6",2017-11-04,3,2017-11-25,3.59107724616166,0.4,"ili perc","quantile"
"HHS Region 6",2017-11-04,3,2017-11-25,3.65652747248419,0.45,"ili perc","quantile"
"HHS Region 6",2017-11-04,3,2017-11-25,3.71752879581424,0.5,"ili perc","quantile"
"HHS Region 6",2017-11-04,3,2017-11-25,3.82662716374309,0.55,"ili perc","quantile"
"HHS Region 6",2017-11-04,3,2017-11-25,3.9241621771642,0.6,"ili perc","quantile"
"HHS Region 6",2017-11-04,3,2017-11-25,3.97955050564328,0.65,"ili perc","quantile"
"HHS Region 6",2017-11-04,3,2017-11-25,4.0121474692366,0.7,"ili perc","quantile"
"HHS Region 6",2017-11-04,3,2017-11-25,4.15214351412072,0.75,"ili perc","quantile"
"HHS Region 6",2017-11-04,3,2017-11-25,4.44552732056086,0.8,"ili perc","quantile"
"HHS Region 6",2017-11-04,3,2017-11-25,4.63939549239595,0.85,"ili perc","quantile"
"HHS Region 6",2017-11-04,3,2017-11-25,4.76004216371398,0.9,"ili perc","quantile"
"HHS Region 6",2017-11-04,3,2017-11-25,5.12928708964402,0.95,"ili perc","quantile"
"HHS Region 6",2017-11-04,3,2017-11-25,5.37281066901828,0.975,"ili perc","quantile"
"HHS Region 6",2017-11-04,3,2017-11-25,7.4249055530758,0.99,"ili perc","quantile"
"HHS Region 6",2017-11-04,4,2017-12-02,2.40057577773326,0.01,"ili perc","quantile"
"HHS Region 6",2017-11-04,4,2017-12-02,2.56440943972311,0.025,"ili perc","quantile"
"HHS Region 6",2017-11-04,4,2017-12-02,2.7070781275075,0.05,"ili perc","quantile"
"HHS Region 6",2017-11-04,4,2017-12-02,2.99408455046498,0.1,"ili perc","quantile"
"HHS Region 6",2017-11-04,4,2017-12-02,3.19586121041497,0.15,"ili perc","quantile"
"HHS Region 6",2017-11-04,4,2017-12-02,3.27270657130513,0.2,"ili perc","quantile"
"HHS Region 6",2017-11-04,4,2017-12-02,3.3970298136924,0.25,"ili perc","quantile"
"HHS Region 6",2017-11-04,4,2017-12-02,3.46533695578343,0.3,"ili perc","quantile"
"HHS Region 6",2017-11-04,4,2017-12-02,3.59464772425085,0.35,"ili perc","quantile"
"HHS Region 6",2017-11-04,4,2017-12-02,3.6866859861174,0.4,"ili perc","quantile"
"HHS Region 6",2017-11-04,4,2017-12-02,3.83679410947978,0.45,"ili perc","quantile"
"HHS Region 6",2017-11-04,4,2017-12-02,3.9585612955413,0.5,"ili perc","quantile"
"HHS Region 6",2017-11-04,4,2017-12-02,4.11772127187483,0.55,"ili perc","quantile"
"HHS Region 6",2017-11-04,4,2017-12-02,4.26483564178948,0.6,"ili perc","quantile"
"HHS Region 6",2017-11-04,4,2017-12-02,4.40826713626778,0.65,"ili perc","quantile"
"HHS Region 6",2017-11-04,4,2017-12-02,4.58639396829833,0.7,"ili perc","quantile"
"HHS Region 6",2017-11-04,4,2017-12-02,4.80010476981471,0.75,"ili perc","quantile"
"HHS Region 6",2017-11-04,4,2017-12-02,4.91330146852456,0.8,"ili perc","quantile"
"HHS Region 6",2017-11-04,4,2017-12-02,5.42442169261487,0.85,"ili perc","quantile"
"HHS Region 6",2017-11-04,4,2017-12-02,5.69673413746366,0.9,"ili perc","quantile"
"HHS Region 6",2017-11-04,4,2017-12-02,6.20880206778511,0.95,"ili perc","quantile"
"HHS Region 6",2017-11-04,4,2017-12-02,7.23708526957824,0.975,"ili perc","quantile"
"HHS Region 6",2017-11-04,4,2017-12-02,8.21258458969421,0.99,"ili perc","quantile"
"HHS Region 7",2017-11-04,1,2017-11-11,0.865442775059092,0.01,"ili perc","quantile"
"HHS Region 7",2017-11-04,1,2017-11-11,0.944979411658524,0.025,"ili perc","quantile"
"HHS Region 7",2017-11-04,1,2017-11-11,1.0092109601352,0.05,"ili perc","quantile"
"HHS Region 7",2017-11-04,1,2017-11-11,1.07826686183102,0.1,"ili perc","quantile"
"HHS Region 7",2017-11-04,1,2017-11-11,1.09529159510453,0.15,"ili perc","quantile"
"HHS Region 7",2017-11-04,1,2017-11-11,1.12262275279816,0.2,"ili perc","quantile"
"HHS Region 7",2017-11-04,1,2017-11-11,1.16102671705297,0.25,"ili perc","quantile"
"HHS Region 7",2017-11-04,1,2017-11-11,1.17196518648002,0.3,"ili perc","quantile"
"HHS Region 7",2017-11-04,1,2017-11-11,1.19210976448677,0.35,"ili perc","quantile"
"HHS Region 7",2017-11-04,1,2017-11-11,1.19942470721843,0.4,"ili perc","quantile"
"HHS Region 7",2017-11-04,1,2017-11-11,1.22647963124074,0.45,"ili perc","quantile"
"HHS Region 7",2017-11-04,1,2017-11-11,1.24916619030269,0.5,"ili perc","quantile"
"HHS Region 7",2017-11-04,1,2017-11-11,1.27058944078351,0.55,"ili perc","quantile"
"HHS Region 7",2017-11-04,1,2017-11-11,1.2947554664704,0.6,"ili perc","quantile"
"HHS Region 7",2017-11-04,1,2017-11-11,1.3245642890049,0.65,"ili perc","quantile"
"HHS Region 7",2017-11-04,1,2017-11-11,1.3454724068549,0.7,"ili perc","quantile"
"HHS Region 7",2017-11-04,1,2017-11-11,1.37158289642427,0.75,"ili perc","quantile"
"HHS Region 7",2017-11-04,1,2017-11-11,1.39579900241164,0.8,"ili perc","quantile"
"HHS Region 7",2017-11-04,1,2017-11-11,1.41768430998719,0.85,"ili perc","quantile"
"HHS Region 7",2017-11-04,1,2017-11-11,1.45900215299166,0.9,"ili perc","quantile"
"HHS Region 7",2017-11-04,1,2017-11-11,1.6052751459727,0.95,"ili perc","quantile"
"HHS Region 7",2017-11-04,1,2017-11-11,1.69642744838867,0.975,"ili perc","quantile"
"HHS Region 7",2017-11-04,1,2017-11-11,1.74991621397546,0.99,"ili perc","quantile"
"HHS Region 7",2017-11-04,2,2017-11-18,1.08288000312749,0.01,"ili perc","quantile"
"HHS Region 7",2017-11-04,2,2017-11-18,1.13942639591663,0.025,"ili perc","quantile"
"HHS Region 7",2017-11-04,2,2017-11-18,1.17433345496052,0.05,"ili perc","quantile"
"HHS Region 7",2017-11-04,2,2017-11-18,1.23886422918875,0.1,"ili perc","quantile"
"HHS Region 7",2017-11-04,2,2017-11-18,1.28085109599046,0.15,"ili perc","quantile"
"HHS Region 7",2017-11-04,2,2017-11-18,1.32912787740776,0.2,"ili perc","quantile"
"HHS Region 7",2017-11-04,2,2017-11-18,1.35623918050173,0.25,"ili perc","quantile"
"HHS Region 7",2017-11-04,2,2017-11-18,1.38285516897078,0.3,"ili perc","quantile"
"HHS Region 7",2017-11-04,2,2017-11-18,1.41396896925284,0.35,"ili perc","quantile"
"HHS Region 7",2017-11-04,2,2017-11-18,1.43070712187341,0.4,"ili perc","quantile"
"HHS Region 7",2017-11-04,2,2017-11-18,1.46542047877938,0.45,"ili perc","quantile"
"HHS Region 7",2017-11-04,2,2017-11-18,1.48195905094819,0.5,"ili perc","quantile"
"HHS Region 7",2017-11-04,2,2017-11-18,1.5049863213237,0.55,"ili perc","quantile"
"HHS Region 7",2017-11-04,2,2017-11-18,1.52670889483442,0.6,"ili perc","quantile"
"HHS Region 7",2017-11-04,2,2017-11-18,1.56701434206795,0.65,"ili perc","quantile"
"HHS Region 7",2017-11-04,2,2017-11-18,1.59414488890239,0.7,"ili perc","quantile"
"HHS Region 7",2017-11-04,2,2017-11-18,1.64742321493747,0.75,"ili perc","quantile"
"HHS Region 7",2017-11-04,2,2017-11-18,1.69704094974379,0.8,"ili perc","quantile"
"HHS Region 7",2017-11-04,2,2017-11-18,1.77181097903753,0.85,"ili perc","quantile"
"HHS Region 7",2017-11-04,2,2017-11-18,1.85396451176729,0.9,"ili perc","quantile"
"HHS Region 7",2017-11-04,2,2017-11-18,1.98796764803713,0.95,"ili perc","quantile"
"HHS Region 7",2017-11-04,2,2017-11-18,2.05652751670031,0.975,"ili perc","quantile"
"HHS Region 7",2017-11-04,2,2017-11-18,2.18636668652105,0.99,"ili perc","quantile"
"HHS Region 7",2017-11-04,3,2017-11-25,1.10154115330053,0.01,"ili perc","quantile"
"HHS Region 7",2017-11-04,3,2017-11-25,1.13230036827616,0.025,"ili perc","quantile"
"HHS Region 7",2017-11-04,3,2017-11-25,1.19536614077001,0.05,"ili perc","quantile"
"HHS Region 7",2017-11-04,3,2017-11-25,1.29947831122658,0.1,"ili perc","quantile"
"HHS Region 7",2017-11-04,3,2017-11-25,1.390306827534,0.15,"ili perc","quantile"
"HHS Region 7",2017-11-04,3,2017-11-25,1.46929094251723,0.2,"ili perc","quantile"
"HHS Region 7",2017-11-04,3,2017-11-25,1.50487728161468,0.25,"ili perc","quantile"
"HHS Region 7",2017-11-04,3,2017-11-25,1.55103077641995,0.3,"ili perc","quantile"
"HHS Region 7",2017-11-04,3,2017-11-25,1.59089450161423,0.35,"ili perc","quantile"
"HHS Region 7",2017-11-04,3,2017-11-25,1.65146804748105,0.4,"ili perc","quantile"
"HHS Region 7",2017-11-04,3,2017-11-25,1.67644000882773,0.45,"ili perc","quantile"
"HHS Region 7",2017-11-04,3,2017-11-25,1.7174151832553,0.5,"ili perc","quantile"
"HHS Region 7",2017-11-04,3,2017-11-25,1.75844885592537,0.55,"ili perc","quantile"
"HHS Region 7",2017-11-04,3,2017-11-25,1.79791030718335,0.6,"ili perc","quantile"
"HHS Region 7",2017-11-04,3,2017-11-25,1.83815478397703,0.65,"ili perc","quantile"
"HHS Region 7",2017-11-04,3,2017-11-25,1.91525788431878,0.7,"ili perc","quantile"
"HHS Region 7",2017-11-04,3,2017-11-25,1.96040927278149,0.75,"ili perc","quantile"
"HHS Region 7",2017-11-04,3,2017-11-25,2.03066376052191,0.8,"ili perc","quantile"
"HHS Region 7",2017-11-04,3,2017-11-25,2.06931779187392,0.85,"ili perc","quantile"
"HHS Region 7",2017-11-04,3,2017-11-25,2.18994925206261,0.9,"ili perc","quantile"
"HHS Region 7",2017-11-04,3,2017-11-25,2.3476119531464,0.95,"ili perc","quantile"
"HHS Region 7",2017-11-04,3,2017-11-25,2.40874777933051,0.975,"ili perc","quantile"
"HHS Region 7",2017-11-04,3,2017-11-25,2.45658223043543,0.99,"ili perc","quantile"
"HHS Region 7",2017-11-04,4,2017-12-02,1.08797333720233,0.01,"ili perc","quantile"
"HHS Region 7",2017-11-04,4,2017-12-02,1.16810831935434,0.025,"ili perc","quantile"
"HHS Region 7",2017-11-04,4,2017-12-02,1.22996270126639,0.05,"ili perc","quantile"
"HHS Region 7",2017-11-04,4,2017-12-02,1.32825531560386,0.1,"ili perc","quantile"
"HHS Region 7",2017-11-04,4,2017-12-02,1.43860833091301,0.15,"ili perc","quantile"
"HHS Region 7",2017-11-04,4,2017-12-02,1.55020838740653,0.2,"ili perc","quantile"
"HHS Region 7",2017-11-04,4,2017-12-02,1.5951614945966,0.25,"ili perc","quantile"
"HHS Region 7",2017-11-04,4,2017-12-02,1.64354827649791,0.3,"ili perc","quantile"
"HHS Region 7",2017-11-04,4,2017-12-02,1.72346289962652,0.35,"ili perc","quantile"
"HHS Region 7",2017-11-04,4,2017-12-02,1.80310217203576,0.4,"ili perc","quantile"
"HHS Region 7",2017-11-04,4,2017-12-02,1.84460521660971,0.45,"ili perc","quantile"
"HHS Region 7",2017-11-04,4,2017-12-02,1.88923373879603,0.5,"ili perc","quantile"
"HHS Region 7",2017-11-04,4,2017-12-02,1.91306977585536,0.55,"ili perc","quantile"
"HHS Region 7",2017-11-04,4,2017-12-02,1.94499107454978,0.6,"ili perc","quantile"
"HHS Region 7",2017-11-04,4,2017-12-02,1.98711721508872,0.65,"ili perc","quantile"
"HHS Region 7",2017-11-04,4,2017-12-02,2.0361592580907,0.7,"ili perc","quantile"
"HHS Region 7",2017-11-04,4,2017-12-02,2.14022640999633,0.75,"ili perc","quantile"
"HHS Region 7",2017-11-04,4,2017-12-02,2.21917956154747,0.8,"ili perc","quantile"
"HHS Region 7",2017-11-04,4,2017-12-02,2.28176380223405,0.85,"ili perc","quantile"
"HHS Region 7",2017-11-04,4,2017-12-02,2.43093340573336,0.9,"ili perc","quantile"
"HHS Region 7",2017-11-04,4,2017-12-02,2.56625472528392,0.95,"ili perc","quantile"
"HHS Region 7",2017-11-04,4,2017-12-02,2.62297096968586,0.975,"ili perc","quantile"
"HHS Region 7",2017-11-04,4,2017-12-02,2.80342151438603,0.99,"ili perc","quantile"
"HHS Region 8",2017-11-04,1,2017-11-11,0.428497305674434,0.01,"ili perc","quantile"
"HHS Region 8",2017-11-04,1,2017-11-11,0.444120643709769,0.025,"ili perc","quantile"
"HHS Region 8",2017-11-04,1,2017-11-11,0.501352815404786,0.05,"ili perc","quantile"
"HHS Region 8",2017-11-04,1,2017-11-11,0.544117410701657,0.1,"ili perc","quantile"
"HHS Region 8",2017-11-04,1,2017-11-11,0.551158185214934,0.15,"ili perc","quantile"
"HHS Region 8",2017-11-04,1,2017-11-11,0.560706845248884,0.2,"ili perc","quantile"
"HHS Region 8",2017-11-04,1,2017-11-11,0.568788690425635,0.25,"ili perc","quantile"
"HHS Region 8",2017-11-04,1,2017-11-11,0.585608404552286,0.3,"ili perc","quantile"
"HHS Region 8",2017-11-04,1,2017-11-11,0.596546845295121,0.35,"ili perc","quantile"
"HHS Region 8",2017-11-04,1,2017-11-11,0.602699127642683,0.4,"ili perc","quantile"
"HHS Region 8",2017-11-04,1,2017-11-11,0.611664411261992,0.45,"ili perc","quantile"
"HHS Region 8",2017-11-04,1,2017-11-11,0.620910803956704,0.5,"ili perc","quantile"
"HHS Region 8",2017-11-04,1,2017-11-11,0.625710445059482,0.55,"ili perc","quantile"
"HHS Region 8",2017-11-04,1,2017-11-11,0.629120128725316,0.6,"ili perc","quantile"
"HHS Region 8",2017-11-04,1,2017-11-11,0.634027244223487,0.65,"ili perc","quantile"
"HHS Region 8",2017-11-04,1,2017-11-11,0.642849339173342,0.7,"ili perc","quantile"
"HHS Region 8",2017-11-04,1,2017-11-11,0.650650225749006,0.75,"ili perc","quantile"
"HHS Region 8",2017-11-04,1,2017-11-11,0.655616026246317,0.8,"ili perc","quantile"
"HHS Region 8",2017-11-04,1,2017-11-11,0.67644894401171,0.85,"ili perc","quantile"
"HHS Region 8",2017-11-04,1,2017-11-11,0.684342439466608,0.9,"ili perc","quantile"
"HHS Region 8",2017-11-04,1,2017-11-11,0.706927811358476,0.95,"ili perc","quantile"
"HHS Region 8",2017-11-04,1,2017-11-11,0.739739125825642,0.975,"ili perc","quantile"
"HHS Region 8",2017-11-04,1,2017-11-11,0.756591622983992,0.99,"ili perc","quantile"
"HHS Region 8",2017-11-04,2,2017-11-18,0.500469805301147,0.01,"ili perc","quantile"
"HHS Region 8",2017-11-04,2,2017-11-18,0.510719797612199,0.025,"ili perc","quantile"
"HHS Region 8",2017-11-04,2,2017-11-18,0.52838911700278,0.05,"ili perc","quantile"
"HHS Region 8",2017-11-04,2,2017-11-18,0.593579349296092,0.1,"ili perc","quantile"
"HHS Region 8",2017-11-04,2,2017-11-18,0.608926594062178,0.15,"ili perc","quantile"
"HHS Region 8",2017-11-04,2,2017-11-18,0.63374443201306,0.2,"ili perc","quantile"
"HHS Region 8",2017-11-04,2,2017-11-18,0.657677872356117,0.25,"ili perc","quantile"
"HHS Region 8",2017-11-04,2,2017-11-18,0.669222939126974,0.3,"ili perc","quantile"
"HHS Region 8",2017-11-04,2,2017-11-18,0.699003835896318,0.35,"ili perc","quantile"
"HHS Region 8",2017-11-04,2,2017-11-18,0.710347968151465,0.4,"ili perc","quantile"
"HHS Region 8",2017-11-04,2,2017-11-18,0.723162787123528,0.45,"ili perc","quantile"
"HHS Region 8",2017-11-04,2,2017-11-18,0.733821627472106,0.5,"ili perc","quantile"
"HHS Region 8",2017-11-04,2,2017-11-18,0.749688397078409,0.55,"ili perc","quantile"
"HHS Region 8",2017-11-04,2,2017-11-18,0.759555137163282,0.6,"ili perc","quantile"
"HHS Region 8",2017-11-04,2,2017-11-18,0.771558981913516,0.65,"ili perc","quantile"
"HHS Region 8",2017-11-04,2,2017-11-18,0.779230651319787,0.7,"ili perc","quantile"
"HHS Region 8",2017-11-04,2,2017-11-18,0.800430930745731,0.75,"ili perc","quantile"
"HHS Region 8",2017-11-04,2,2017-11-18,0.815108423051973,0.8,"ili perc","quantile"
"HHS Region 8",2017-11-04,2,2017-11-18,0.825160707451942,0.85,"ili perc","quantile"
"HHS Region 8",2017-11-04,2,2017-11-18,0.865798237886153,0.9,"ili perc","quantile"
"HHS Region 8",2017-11-04,2,2017-11-18,0.882250656770965,0.95,"ili perc","quantile"
"HHS Region 8",2017-11-04,2,2017-11-18,0.961757964391624,0.975,"ili perc","quantile"
"HHS Region 8",2017-11-04,2,2017-11-18,0.981520030357753,0.99,"ili perc","quantile"
"HHS Region 8",2017-11-04,3,2017-11-25,0.594445532358151,0.01,"ili perc","quantile"
"HHS Region 8",2017-11-04,3,2017-11-25,0.626715711185705,0.025,"ili perc","quantile"
"HHS Region 8",2017-11-04,3,2017-11-25,0.71162506847394,0.05,"ili perc","quantile"
"HHS Region 8",2017-11-04,3,2017-11-25,0.755745226237956,0.1,"ili perc","quantile"
"HHS Region 8",2017-11-04,3,2017-11-25,0.798344957524308,0.15,"ili perc","quantile"
"HHS Region 8",2017-11-04,3,2017-11-25,0.822702983803366,0.2,"ili perc","quantile"
"HHS Region 8",2017-11-04,3,2017-11-25,0.83907200134489,0.25,"ili perc","quantile"
"HHS Region 8",2017-11-04,3,2017-11-25,0.864534249990726,0.3,"ili perc","quantile"
"HHS Region 8",2017-11-04,3,2017-11-25,0.872955370702855,0.35,"ili perc","quantile"
"HHS Region 8",2017-11-04,3,2017-11-25,0.891623819698207,0.4,"ili perc","quantile"
"HHS Region 8",2017-11-04,3,2017-11-25,0.931739229438065,0.45,"ili perc","quantile"
"HHS Region 8",2017-11-04,3,2017-11-25,0.94914590131083,0.5,"ili perc","quantile"
"HHS Region 8",2017-11-04,3,2017-11-25,0.970546298909478,0.55,"ili perc","quantile"
"HHS Region 8",2017-11-04,3,2017-11-25,0.995937867942969,0.6,"ili perc","quantile"
"HHS Region 8",2017-11-04,3,2017-11-25,1.0029683273119,0.65,"ili perc","quantile"
"HHS Region 8",2017-11-04,3,2017-11-25,1.01065998111867,0.7,"ili perc","quantile"
"HHS Region 8",2017-11-04,3,2017-11-25,1.04060448554817,0.75,"ili perc","quantile"
"HHS Region 8",2017-11-04,3,2017-11-25,1.06483303625047,0.8,"ili perc","quantile"
"HHS Region 8",2017-11-04,3,2017-11-25,1.1071539452874,0.85,"ili perc","quantile"
"HHS Region 8",2017-11-04,3,2017-11-25,1.15899396144067,0.9,"ili perc","quantile"
"HHS Region 8",2017-11-04,3,2017-11-25,1.19537595075007,0.95,"ili perc","quantile"
"HHS Region 8",2017-11-04,3,2017-11-25,1.21683260014547,0.975,"ili perc","quantile"
"HHS Region 8",2017-11-04,3,2017-11-25,1.32425897265508,0.99,"ili perc","quantile"
"HHS Region 8",2017-11-04,4,2017-12-02,0.582817289597977,0.01,"ili perc","quantile"
"HHS Region 8",2017-11-04,4,2017-12-02,0.588391388944334,0.025,"ili perc","quantile"
"HHS Region 8",2017-11-04,4,2017-12-02,0.599356767533781,0.05,"ili perc","quantile"
"HHS Region 8",2017-11-04,4,2017-12-02,0.622735357098682,0.1,"ili perc","quantile"
"HHS Region 8",2017-11-04,4,2017-12-02,0.671425694646379,0.15,"ili perc","quantile"
"HHS Region 8",2017-11-04,4,2017-12-02,0.710261804248119,0.2,"ili perc","quantile"
"HHS Region 8",2017-11-04,4,2017-12-02,0.737011536817097,0.25,"ili perc","quantile"
"HHS Region 8",2017-11-04,4,2017-12-02,0.770015285757439,0.3,"ili perc","quantile"
"HHS Region 8",2017-11-04,4,2017-12-02,0.80475147357705,0.35,"ili perc","quantile"
"HHS Region 8",2017-11-04,4,2017-12-02,0.830046317006048,0.4,"ili perc","quantile"
"HHS Region 8",2017-11-04,4,2017-12-02,0.853918688536502,0.45,"ili perc","quantile"
"HHS Region 8",2017-11-04,4,2017-12-02,0.876005199503985,0.5,"ili perc","quantile"
"HHS Region 8",2017-11-04,4,2017-12-02,0.897564780693448,0.55,"ili perc","quantile"
"HHS Region 8",2017-11-04,4,2017-12-02,0.914495971225115,0.6,"ili perc","quantile"
"HHS Region 8",2017-11-04,4,2017-12-02,0.929267778588382,0.65,"ili perc","quantile"
"HHS Region 8",2017-11-04,4,2017-12-02,0.964619412104255,0.7,"ili perc","quantile"
"HHS Region 8",2017-11-04,4,2017-12-02,0.997918210674917,0.75,"ili perc","quantile"
"HHS Region 8",2017-11-04,4,2017-12-02,1.08038994284938,0.8,"ili perc","quantile"
"HHS Region 8",2017-11-04,4,2017-12-02,1.1010690623424,0.85,"ili perc","quantile"
"HHS Region 8",2017-11-04,4,2017-12-02,1.15644868002878,0.9,"ili perc","quantile"
"HHS Region 8",2017-11-04,4,2017-12-02,1.25921738600362,0.95,"ili perc","quantile"
"HHS Region 8",2017-11-04,4,2017-12-02,1.27899912712509,0.975,"ili perc","quantile"
"HHS Region 8",2017-11-04,4,2017-12-02,1.30458442324246,0.99,"ili perc","quantile"
"HHS Region 9",2017-11-04,1,2017-11-11,1.62622808404039,0.01,"ili perc","quantile"
"HHS Region 9",2017-11-04,1,2017-11-11,1.7243393635415,0.025,"ili perc","quantile"
"HHS Region 9",2017-11-04,1,2017-11-11,1.7754961134619,0.05,"ili perc","quantile"
"HHS Region 9",2017-11-04,1,2017-11-11,1.83962891012189,0.1,"ili perc","quantile"
"HHS Region 9",2017-11-04,1,2017-11-11,1.87227047380629,0.15,"ili perc","quantile"
"HHS Region 9",2017-11-04,1,2017-11-11,1.90427747532565,0.2,"ili perc","quantile"
"HHS Region 9",2017-11-04,1,2017-11-11,1.95147912694354,0.25,"ili perc","quantile"
"HHS Region 9",2017-11-04,1,2017-11-11,1.97565891976111,0.3,"ili perc","quantile"
"HHS Region 9",2017-11-04,1,2017-11-11,2.00333404326546,0.35,"ili perc","quantile"
"HHS Region 9",2017-11-04,1,2017-11-11,2.02740407894618,0.4,"ili perc","quantile"
"HHS Region 9",2017-11-04,1,2017-11-11,2.04060306953269,0.45,"ili perc","quantile"
"HHS Region 9",2017-11-04,1,2017-11-11,2.06649100691513,0.5,"ili perc","quantile"
"HHS Region 9",2017-11-04,1,2017-11-11,2.09323325352367,0.55,"ili perc","quantile"
"HHS Region 9",2017-11-04,1,2017-11-11,2.15379183836858,0.6,"ili perc","quantile"
"HHS Region 9",2017-11-04,1,2017-11-11,2.17786422061131,0.65,"ili perc","quantile"
"HHS Region 9",2017-11-04,1,2017-11-11,2.20507764230714,0.7,"ili perc","quantile"
"HHS Region 9",2017-11-04,1,2017-11-11,2.23736776181755,0.75,"ili perc","quantile"
"HHS Region 9",2017-11-04,1,2017-11-11,2.27725634095959,0.8,"ili perc","quantile"
"HHS Region 9",2017-11-04,1,2017-11-11,2.34270274571719,0.85,"ili perc","quantile"
"HHS Region 9",2017-11-04,1,2017-11-11,2.41329524342898,0.9,"ili perc","quantile"
"HHS Region 9",2017-11-04,1,2017-11-11,2.46171932031632,0.95,"ili perc","quantile"
"HHS Region 9",2017-11-04,1,2017-11-11,2.58824571398342,0.975,"ili perc","quantile"
"HHS Region 9",2017-11-04,1,2017-11-11,2.65464956779594,0.99,"ili perc","quantile"
"HHS Region 9",2017-11-04,2,2017-11-18,1.68196834274774,0.01,"ili perc","quantile"
"HHS Region 9",2017-11-04,2,2017-11-18,1.73501051939032,0.025,"ili perc","quantile"
"HHS Region 9",2017-11-04,2,2017-11-18,1.77664309396358,0.05,"ili perc","quantile"
"HHS Region 9",2017-11-04,2,2017-11-18,1.86852486273281,0.1,"ili perc","quantile"
"HHS Region 9",2017-11-04,2,2017-11-18,1.93907446361734,0.15,"ili perc","quantile"
"HHS Region 9",2017-11-04,2,2017-11-18,1.99356838068787,0.2,"ili perc","quantile"
"HHS Region 9",2017-11-04,2,2017-11-18,2.07478142460435,0.25,"ili perc","quantile"
"HHS Region 9",2017-11-04,2,2017-11-18,2.11382466748958,0.3,"ili perc","quantile"
"HHS Region 9",2017-11-04,2,2017-11-18,2.16073822392006,0.35,"ili perc","quantile"
"HHS Region 9",2017-11-04,2,2017-11-18,2.17574646223277,0.4,"ili perc","quantile"
"HHS Region 9",2017-11-04,2,2017-11-18,2.21938648756451,0.45,"ili perc","quantile"
"HHS Region 9",2017-11-04,2,2017-11-18,2.24940436706311,0.5,"ili perc","quantile"
"HHS Region 9",2017-11-04,2,2017-11-18,2.27535813624599,0.55,"ili perc","quantile"
"HHS Region 9",2017-11-04,2,2017-11-18,2.32912570645836,0.6,"ili perc","quantile"
"HHS Region 9",2017-11-04,2,2017-11-18,2.36847948723711,0.65,"ili perc","quantile"
"HHS Region 9",2017-11-04,2,2017-11-18,2.43707212753109,0.7,"ili perc","quantile"
"HHS Region 9",2017-11-04,2,2017-11-18,2.48124392681624,0.75,"ili perc","quantile"
"HHS Region 9",2017-11-04,2,2017-11-18,2.54818239832862,0.8,"ili perc","quantile"
"HHS Region 9",2017-11-04,2,2017-11-18,2.6154061743468,0.85,"ili perc","quantile"
"HHS Region 9",2017-11-04,2,2017-11-18,2.6976216442861,0.9,"ili perc","quantile"
"HHS Region 9",2017-11-04,2,2017-11-18,2.91372751336503,0.95,"ili perc","quantile"
"HHS Region 9",2017-11-04,2,2017-11-18,3.07366351179917,0.975,"ili perc","quantile"
"HHS Region 9",2017-11-04,2,2017-11-18,3.20498832833155,0.99,"ili perc","quantile"
"HHS Region 9",2017-11-04,3,2017-11-25,1.54379426551154,0.01,"ili perc","quantile"
"HHS Region 9",2017-11-04,3,2017-11-25,1.62028835943197,0.025,"ili perc","quantile"
"HHS Region 9",2017-11-04,3,2017-11-25,1.7477183478604,0.05,"ili perc","quantile"
"HHS Region 9",2017-11-04,3,2017-11-25,1.93667498694084,0.1,"ili perc","quantile"
"HHS Region 9",2017-11-04,3,2017-11-25,2.04687976532868,0.15,"ili perc","quantile"
"HHS Region 9",2017-11-04,3,2017-11-25,2.14392318103591,0.2,"ili perc","quantile"
"HHS Region 9",2017-11-04,3,2017-11-25,2.2181740586244,0.25,"ili perc","quantile"
"HHS Region 9",2017-11-04,3,2017-11-25,2.23727770454845,0.3,"ili perc","quantile"
"HHS Region 9",2017-11-04,3,2017-11-25,2.28904436738547,0.35,"ili perc","quantile"
"HHS Region 9",2017-11-04,3,2017-11-25,2.32510328686094,0.4,"ili perc","quantile"
"HHS Region 9",2017-11-04,3,2017-11-25,2.37600267708178,0.45,"ili perc","quantile"
"HHS Region 9",2017-11-04,3,2017-11-25,2.42848906449101,0.5,"ili perc","quantile"
"HHS Region 9",2017-11-04,3,2017-11-25,2.45547203915054,0.55,"ili perc","quantile"
"HHS Region 9",2017-11-04,3,2017-11-25,2.54872132031428,0.6,"ili perc","quantile"
"HHS Region 9",2017-11-04,3,2017-11-25,2.58596809715248,0.65,"ili perc","quantile"
"HHS Region 9",2017-11-04,3,2017-11-25,2.60661155561982,0.7,"ili perc","quantile"
"HHS Region 9",2017-11-04,3,2017-11-25,2.68286022744301,0.75,"ili perc","quantile"
"HHS Region 9",2017-11-04,3,2017-11-25,2.7397647688736,0.8,"ili perc","quantile"
"HHS Region 9",2017-11-04,3,2017-11-25,2.81761705327937,0.85,"ili perc","quantile"
"HHS Region 9",2017-11-04,3,2017-11-25,3.03985657071809,0.9,"ili perc","quantile"
"HHS Region 9",2017-11-04,3,2017-11-25,3.30803136158562,0.95,"ili perc","quantile"
"HHS Region 9",2017-11-04,3,2017-11-25,3.44938154895822,0.975,"ili perc","quantile"
"HHS Region 9",2017-11-04,3,2017-11-25,3.55248052217329,0.99,"ili perc","quantile"
"HHS Region 9",2017-11-04,4,2017-12-02,1.52204469946144,0.01,"ili perc","quantile"
"HHS Region 9",2017-11-04,4,2017-12-02,1.68376172992937,0.025,"ili perc","quantile"
"HHS Region 9",2017-11-04,4,2017-12-02,1.82120078867166,0.05,"ili perc","quantile"
"HHS Region 9",2017-11-04,4,2017-12-02,1.96894457198899,0.1,"ili perc","quantile"
"HHS Region 9",2017-11-04,4,2017-12-02,2.1691330182393,0.15,"ili perc","quantile"
"HHS Region 9",2017-11-04,4,2017-12-02,2.27207038720832,0.2,"ili perc","quantile"
"HHS Region 9",2017-11-04,4,2017-12-02,2.3303976678345,0.25,"ili perc","quantile"
"HHS Region 9",2017-11-04,4,2017-12-02,2.40500998843167,0.3,"ili perc","quantile"
"HHS Region 9",2017-11-04,4,2017-12-02,2.4754972819804,0.35,"ili perc","quantile"
"HHS Region 9",2017-11-04,4,2017-12-02,2.53766120242464,0.4,"ili perc","quantile"
"HHS Region 9",2017-11-04,4,2017-12-02,2.59138726921069,0.45,"ili perc","quantile"
"HHS Region 9",2017-11-04,4,2017-12-02,2.67097496565019,0.5,"ili perc","quantile"
"HHS Region 9",2017-11-04,4,2017-12-02,2.73037329107288,0.55,"ili perc","quantile"
"HHS Region 9",2017-11-04,4,2017-12-02,2.77903239718199,0.6,"ili perc","quantile"
"HHS Region 9",2017-11-04,4,2017-12-02,2.83938854663066,0.65,"ili perc","quantile"
"HHS Region 9",2017-11-04,4,2017-12-02,2.95748216129048,0.7,"ili perc","quantile"
"HHS Region 9",2017-11-04,4,2017-12-02,3.0621528243476,0.75,"ili perc","quantile"
"HHS Region 9",2017-11-04,4,2017-12-02,3.2043130434383,0.8,"ili perc","quantile"
"HHS Region 9",2017-11-04,4,2017-12-02,3.2906908122284,0.85,"ili perc","quantile"
"HHS Region 9",2017-11-04,4,2017-12-02,3.5494176722501,0.9,"ili perc","quantile"
"HHS Region 9",2017-11-04,4,2017-12-02,3.59465665223396,0.95,"ili perc","quantile"
"HHS Region 9",2017-11-04,4,2017-12-02,3.80701682008422,0.975,"ili perc","quantile"
"HHS Region 9",2017-11-04,4,2017-12-02,3.90806296122497,0.99,"ili perc","quantile"
"US National",2017-11-04,1,2017-11-11,1.44411643207638,0.01,"ili perc","quantile"
"US National",2017-11-04,1,2017-11-11,1.52528970113607,0.025,"ili perc","quantile"
"US National",2017-11-04,1,2017-11-11,1.63839536823591,0.05,"ili perc","quantile"
"US National",2017-11-04,1,2017-11-11,1.7220505534113,0.1,"ili perc","quantile"
"US National",2017-11-04,1,2017-11-11,1.73987370920148,0.15,"ili perc","quantile"
"US National",2017-11-04,1,2017-11-11,1.76101614459557,0.2,"ili perc","quantile"
"US National",2017-11-04,1,2017-11-11,1.78696598528712,0.25,"ili perc","quantile"
"US National",2017-11-04,1,2017-11-11,1.8140138288736,0.3,"ili perc","quantile"
"US National",2017-11-04,1,2017-11-11,1.82088212537949,0.35,"ili perc","quantile"
"US National",2017-11-04,1,2017-11-11,1.83122734708664,0.4,"ili perc","quantile"
"US National",2017-11-04,1,2017-11-11,1.83945426705294,0.45,"ili perc","quantile"
"US National",2017-11-04,1,2017-11-11,1.85130620323557,0.5,"ili perc","quantile"
"US National",2017-11-04,1,2017-11-11,1.85933315164581,0.55,"ili perc","quantile"
"US National",2017-11-04,1,2017-11-11,1.87535934538624,0.6,"ili perc","quantile"
"US National",2017-11-04,1,2017-11-11,1.88478611668485,0.65,"ili perc","quantile"
"US National",2017-11-04,1,2017-11-11,1.90300766470795,0.7,"ili perc","quantile"
"US National",2017-11-04,1,2017-11-11,1.92482590806283,0.75,"ili perc","quantile"
"US National",2017-11-04,1,2017-11-11,1.94112190620603,0.8,"ili perc","quantile"
"US National",2017-11-04,1,2017-11-11,1.94984823900523,0.85,"ili perc","quantile"
"US National",2017-11-04,1,2017-11-11,2.00802257323852,0.9,"ili perc","quantile"
"US National",2017-11-04,1,2017-11-11,2.09714151747624,0.95,"ili perc","quantile"
"US National",2017-11-04,1,2017-11-11,2.12805592916179,0.975,"ili perc","quantile"
"US National",2017-11-04,1,2017-11-11,2.20693994041672,0.99,"ili perc","quantile"
"US National",2017-11-04,2,2017-11-18,1.58577064056099,0.01,"ili perc","quantile"
"US National",2017-11-04,2,2017-11-18,1.65372867299426,0.025,"ili perc","quantile"
"US National",2017-11-04,2,2017-11-18,1.72000301948638,0.05,"ili perc","quantile"
"US National",2017-11-04,2,2017-11-18,1.81579018809041,0.1,"ili perc","quantile"
"US National",2017-11-04,2,2017-11-18,1.84188629633318,0.15,"ili perc","quantile"
"US National",2017-11-04,2,2017-11-18,1.85466698670067,0.2,"ili perc","quantile"
"US National",2017-11-04,2,2017-11-18,1.87449974086957,0.25,"ili perc","quantile"
"US National",2017-11-04,2,2017-11-18,1.89780065279724,0.3,"ili perc","quantile"
"US National",2017-11-04,2,2017-11-18,1.92465226497814,0.35,"ili perc","quantile"
"US National",2017-11-04,2,2017-11-18,1.96020038323484,0.4,"ili perc","quantile"
"US National",2017-11-04,2,2017-11-18,1.96779624701361,0.45,"ili perc","quantile"
"US National",2017-11-04,2,2017-11-18,1.98817024872325,0.5,"ili perc","quantile"
"US National",2017-11-04,2,2017-11-18,1.99498889771743,0.55,"ili perc","quantile"
"US National",2017-11-04,2,2017-11-18,2.00900974696858,0.6,"ili perc","quantile"
"US National",2017-11-04,2,2017-11-18,2.02877022096858,0.65,"ili perc","quantile"
"US National",2017-11-04,2,2017-11-18,2.04254116838976,0.7,"ili perc","quantile"
"US National",2017-11-04,2,2017-11-18,2.0669899462259,0.75,"ili perc","quantile"
"US National",2017-11-04,2,2017-11-18,2.08534017873671,0.8,"ili perc","quantile"
"US National",2017-11-04,2,2017-11-18,2.11871147234235,0.85,"ili perc","quantile"
"US National",2017-11-04,2,2017-11-18,2.19904067168544,0.9,"ili perc","quantile"
"US National",2017-11-04,2,2017-11-18,2.25855833816239,0.95,"ili perc","quantile"
"US National",2017-11-04,2,2017-11-18,2.29253745749528,0.975,"ili perc","quantile"
"US National",2017-11-04,2,2017-11-18,2.62083115504477,0.99,"ili perc","quantile"
"US National",2017-11-04,3,2017-11-25,1.74846565791597,0.01,"ili perc","quantile"
"US National",2017-11-04,3,2017-11-25,1.77138924461046,0.025,"ili perc","quantile"
"US National",2017-11-04,3,2017-11-25,1.7830803871326,0.05,"ili perc","quantile"
"US National",2017-11-04,3,2017-11-25,1.89451839889362,0.1,"ili perc","quantile"
"US National",2017-11-04,3,2017-11-25,1.93789370383813,0.15,"ili perc","quantile"
"US National",2017-11-04,3,2017-11-25,1.98279414606641,0.2,"ili perc","quantile"
"US National",2017-11-04,3,2017-11-25,1.99790407899855,0.25,"ili perc","quantile"
"US National",2017-11-04,3,2017-11-25,2.00395615679574,0.3,"ili perc","quantile"
"US National",2017-11-04,3,2017-11-25,2.02128556598127,0.35,"ili perc","quantile"
"US National",2017-11-04,3,2017-11-25,2.03428281590177,0.4,"ili perc","quantile"
"US National",2017-11-04,3,2017-11-25,2.06012411239776,0.45,"ili perc","quantile"
"US National",2017-11-04,3,2017-11-25,2.08922879538641,0.5,"ili perc","quantile"
"US National",2017-11-04,3,2017-11-25,2.11086490028196,0.55,"ili perc","quantile"
"US National",2017-11-04,3,2017-11-25,2.13123165870435,0.6,"ili perc","quantile"
"US National",2017-11-04,3,2017-11-25,2.17911527166687,0.65,"ili perc","quantile"
"US National",2017-11-04,3,2017-11-25,2.20066449681328,0.7,"ili perc","quantile"
"US National",2017-11-04,3,2017-11-25,2.21281234327446,0.75,"ili perc","quantile"
"US National",2017-11-04,3,2017-11-25,2.24863093816209,0.8,"ili perc","quantile"
"US National",2017-11-04,3,2017-11-25,2.28677748195533,0.85,"ili perc","quantile"
"US National",2017-11-04,3,2017-11-25,2.34594231828886,0.9,"ili perc","quantile"
"US National",2017-11-04,3,2017-11-25,2.44499876802196,0.95,"ili perc","quantile"
"US National",2017-11-04,3,2017-11-25,2.56906430619102,0.975,"ili perc","quantile"
"US National",2017-11-04,3,2017-11-25,2.73690188656487,0.99,"ili perc","quantile"
"US National",2017-11-04,4,2017-12-02,1.87841440861326,0.01,"ili perc","quantile"
"US National",2017-11-04,4,2017-12-02,1.9695636948892,0.025,"ili perc","quantile"
"US National",2017-11-04,4,2017-12-02,2.05073337066564,0.05,"ili perc","quantile"
"US National",2017-11-04,4,2017-12-02,2.12677410546765,0.1,"ili perc","quantile"
"US National",2017-11-04,4,2017-12-02,2.18256033422842,0.15,"ili perc","quantile"
"US National",2017-11-04,4,2017-12-02,2.22786855900016,0.2,"ili perc","quantile"
"US National",2017-11-04,4,2017-12-02,2.26361532237993,0.25,"ili perc","quantile"
"US National",2017-11-04,4,2017-12-02,2.28671757125755,0.3,"ili perc","quantile"
"US National",2017-11-04,4,2017-12-02,2.31676792805987,0.35,"ili perc","quantile"
"US National",2017-11-04,4,2017-12-02,2.35056430342456,0.4,"ili perc","quantile"
"US National",2017-11-04,4,2017-12-02,2.37193249625246,0.45,"ili perc","quantile"
"US National",2017-11-04,4,2017-12-02,2.39119170344806,0.5,"ili perc","quantile"
"US National",2017-11-04,4,2017-12-02,2.412465936336,0.55,"ili perc","quantile"
"US National",2017-11-04,4,2017-12-02,2.44073066193129,0.6,"ili perc","quantile"
"US National",2017-11-04,4,2017-12-02,2.48028007982578,0.65,"ili perc","quantile"
"US National",2017-11-04,4,2017-12-02,2.51069398229071,0.7,"ili perc","quantile"
"US National",2017-11-04,4,2017-12-02,2.53123898574447,0.75,"ili perc","quantile"
"US National",2017-11-04,4,2017-12-02,2.54784075434112,0.8,"ili perc","quantile"
"US National",2017-11-04,4,2017-12-02,2.59473036565531,0.85,"ili perc","quantile"
"US National",2017-11-04,4,2017-12-02,2.60723399484233,0.9,"ili perc","quantile"
"US National",2017-11-04,4,2017-12-02,2.84674207367164,0.95,"ili perc","quantile"
"US National",2017-11-04,4,2017-12-02,2.98549909452002,0.975,"ili perc","quantile"
"US National",2017-11-04,4,2017-12-02,3.0214604222403,0.99,"ili perc","quantile"
