"location","origin_date","horizon","target_end_date","value","output_type_id","target","output_type"
"HHS Region 1",2016-04-09,1,2016-04-16,0.912533112598716,0.01,"ili perc","quantile"
"HHS Region 1",2016-04-09,1,2016-04-16,1.07694252532104,0.025,"ili perc","quantile"
"HHS Region 1",2016-04-09,1,2016-04-16,1.12249292407929,0.05,"ili perc","quantile"
"HHS Region 1",2016-04-09,1,2016-04-16,1.25010548493457,0.1,"ili perc","quantile"
"HHS Region 1",2016-04-09,1,2016-04-16,1.32822439726014,0.15,"ili perc","quantile"
"HHS Region 1",2016-04-09,1,2016-04-16,1.37429124269678,0.2,"ili perc","quantile"
"HHS Region 1",2016-04-09,1,2016-04-16,1.42306469505228,0.25,"ili perc","quantile"
"HHS Region 1",2016-04-09,1,2016-04-16,1.45894465630166,0.3,"ili perc","quantile"
"HHS Region 1",2016-04-09,1,2016-04-16,1.4886924155033,0.35,"ili perc","quantile"
"HHS Region 1",2016-04-09,1,2016-04-16,1.55858620068534,0.4,"ili perc","quantile"
"HHS Region 1",2016-04-09,1,2016-04-16,1.59870944203708,0.45,"ili perc","quantile"
"HHS Region 1",2016-04-09,1,2016-04-16,1.64467555447707,0.5,"ili perc","quantile"
"HHS Region 1",2016-04-09,1,2016-04-16,1.67524716815924,0.55,"ili perc","quantile"
"HHS Region 1",2016-04-09,1,2016-04-16,1.70155767110717,0.6,"ili perc","quantile"
"HHS Region 1",2016-04-09,1,2016-04-16,1.81102746507527,0.65,"ili perc","quantile"
"HHS Region 1",2016-04-09,1,2016-04-16,1.83902489949745,0.7,"ili perc","quantile"
"HHS Region 1",2016-04-09,1,2016-04-16,1.89122418377465,0.75,"ili perc","quantile"
"HHS Region 1",2016-04-09,1,2016-04-16,1.9725919574485,0.8,"ili perc","quantile"
"HHS Region 1",2016-04-09,1,2016-04-16,2.06181621626987,0.85,"ili perc","quantile"
"HHS Region 1",2016-04-09,1,2016-04-16,2.10536978462866,0.9,"ili perc","quantile"
"HHS Region 1",2016-04-09,1,2016-04-16,2.25391087458155,0.95,"ili perc","quantile"
"HHS Region 1",2016-04-09,1,2016-04-16,2.30525699530607,0.975,"ili perc","quantile"
"HHS Region 1",2016-04-09,1,2016-04-16,2.45350571286827,0.99,"ili perc","quantile"
"HHS Region 1",2016-04-09,2,2016-04-23,0.644628133227264,0.01,"ili perc","quantile"
"HHS Region 1",2016-04-09,2,2016-04-23,0.873393979918377,0.025,"ili perc","quantile"
"HHS Region 1",2016-04-09,2,2016-04-23,1.00537082387889,0.05,"ili perc","quantile"
"HHS Region 1",2016-04-09,2,2016-04-23,1.09894465938986,0.1,"ili perc","quantile"
"HHS Region 1",2016-04-09,2,2016-04-23,1.15767480083114,0.15,"ili perc","quantile"
"HHS Region 1",2016-04-09,2,2016-04-23,1.22716357956413,0.2,"ili perc","quantile"
"HHS Region 1",2016-04-09,2,2016-04-23,1.28312533769561,0.25,"ili perc","quantile"
"HHS Region 1",2016-04-09,2,2016-04-23,1.34647899686751,0.3,"ili perc","quantile"
"HHS Region 1",2016-04-09,2,2016-04-23,1.40780860570565,0.35,"ili perc","quantile"
"HHS Region 1",2016-04-09,2,2016-04-23,1.51510312244177,0.4,"ili perc","quantile"
"HHS Region 1",2016-04-09,2,2016-04-23,1.67299407180688,0.45,"ili perc","quantile"
"HHS Region 1",2016-04-09,2,2016-04-23,1.69798031398889,0.5,"ili perc","quantile"
"HHS Region 1",2016-04-09,2,2016-04-23,1.73406755830713,0.55,"ili perc","quantile"
"HHS Region 1",2016-04-09,2,2016-04-23,1.78360081137861,0.6,"ili perc","quantile"
"HHS Region 1",2016-04-09,2,2016-04-23,1.85787855983229,0.65,"ili perc","quantile"
"HHS Region 1",2016-04-09,2,2016-04-23,1.90666766846009,0.7,"ili perc","quantile"
"HHS Region 1",2016-04-09,2,2016-04-23,1.95325844989373,0.75,"ili perc","quantile"
"HHS Region 1",2016-04-09,2,2016-04-23,2.0195236594006,0.8,"ili perc","quantile"
"HHS Region 1",2016-04-09,2,2016-04-23,2.10212209049167,0.85,"ili perc","quantile"
"HHS Region 1",2016-04-09,2,2016-04-23,2.1830747688042,0.9,"ili perc","quantile"
"HHS Region 1",2016-04-09,2,2016-04-23,2.51895362067767,0.95,"ili perc","quantile"
"HHS Region 1",2016-04-09,2,2016-04-23,2.87798847181757,0.975,"ili perc","quantile"
"HHS Region 1",2016-04-09,2,2016-04-23,3.15624748587022,0.99,"ili perc","quantile"
"HHS Region 1",2016-04-09,3,2016-04-30,0.50205947162757,0.01,"ili perc","quantile"
"HHS Region 1",2016-04-09,3,2016-04-30,0.665430044172013,0.025,"ili perc","quantile"
"HHS Region 1",2016-04-09,3,2016-04-30,0.836760365163516,0.05,"ili perc","quantile"
"HHS Region 1",2016-04-09,3,2016-04-30,1.04414713200263,0.1,"ili perc","quantile"
"HHS Region 1",2016-04-09,3,2016-04-30,1.10654167353245,0.15,"ili perc","quantile"
"HHS Region 1",2016-04-09,3,2016-04-30,1.18187971746921,0.2,"ili perc","quantile"
"HHS Region 1",2016-04-09,3,2016-04-30,1.28910104090526,0.25,"ili perc","quantile"
"HHS Region 1",2016-04-09,3,2016-04-30,1.3656972176455,0.3,"ili perc","quantile"
"HHS Region 1",2016-04-09,3,2016-04-30,1.42058529864512,0.35,"ili perc","quantile"
"HHS Region 1",2016-04-09,3,2016-04-30,1.52404379454489,0.4,"ili perc","quantile"
"HHS Region 1",2016-04-09,3,2016-04-30,1.59383314466244,0.45,"ili perc","quantile"
"HHS Region 1",2016-04-09,3,2016-04-30,1.69359006798553,0.5,"ili perc","quantile"
"HHS Region 1",2016-04-09,3,2016-04-30,1.73130669487638,0.55,"ili perc","quantile"
"HHS Region 1",2016-04-09,3,2016-04-30,1.81059825267578,0.6,"ili perc","quantile"
"HHS Region 1",2016-04-09,3,2016-04-30,1.88999060374139,0.65,"ili perc","quantile"
"HHS Region 1",2016-04-09,3,2016-04-30,1.96432538785304,0.7,"ili perc","quantile"
"HHS Region 1",2016-04-09,3,2016-04-30,2.01032235691454,0.75,"ili perc","quantile"
"HHS Region 1",2016-04-09,3,2016-04-30,2.12389502571003,0.8,"ili perc","quantile"
"HHS Region 1",2016-04-09,3,2016-04-30,2.22686506540026,0.85,"ili perc","quantile"
"HHS Region 1",2016-04-09,3,2016-04-30,2.45547304290095,0.9,"ili perc","quantile"
"HHS Region 1",2016-04-09,3,2016-04-30,2.87515746832434,0.95,"ili perc","quantile"
"HHS Region 1",2016-04-09,3,2016-04-30,3.37202774614344,0.975,"ili perc","quantile"
"HHS Region 1",2016-04-09,3,2016-04-30,3.95067602269864,0.99,"ili perc","quantile"
"HHS Region 1",2016-04-09,4,2016-05-07,0.38383567006802,0.01,"ili perc","quantile"
"HHS Region 1",2016-04-09,4,2016-05-07,0.453587923346834,0.025,"ili perc","quantile"
"HHS Region 1",2016-04-09,4,2016-05-07,0.692920462435912,0.05,"ili perc","quantile"
"HHS Region 1",2016-04-09,4,2016-05-07,0.851271426661537,0.1,"ili perc","quantile"
"HHS Region 1",2016-04-09,4,2016-05-07,0.96815396761955,0.15,"ili perc","quantile"
"HHS Region 1",2016-04-09,4,2016-05-07,1.11926564235231,0.2,"ili perc","quantile"
"HHS Region 1",2016-04-09,4,2016-05-07,1.22750463303355,0.25,"ili perc","quantile"
"HHS Region 1",2016-04-09,4,2016-05-07,1.34085597749483,0.3,"ili perc","quantile"
"HHS Region 1",2016-04-09,4,2016-05-07,1.40107765112202,0.35,"ili perc","quantile"
"HHS Region 1",2016-04-09,4,2016-05-07,1.49236523380381,0.4,"ili perc","quantile"
"HHS Region 1",2016-04-09,4,2016-05-07,1.59545154273679,0.45,"ili perc","quantile"
"HHS Region 1",2016-04-09,4,2016-05-07,1.64513996261801,0.5,"ili perc","quantile"
"HHS Region 1",2016-04-09,4,2016-05-07,1.70223098399124,0.55,"ili perc","quantile"
"HHS Region 1",2016-04-09,4,2016-05-07,1.84040719216183,0.6,"ili perc","quantile"
"HHS Region 1",2016-04-09,4,2016-05-07,1.94817707917055,0.65,"ili perc","quantile"
"HHS Region 1",2016-04-09,4,2016-05-07,2.0299089018891,0.7,"ili perc","quantile"
"HHS Region 1",2016-04-09,4,2016-05-07,2.12044101931501,0.75,"ili perc","quantile"
"HHS Region 1",2016-04-09,4,2016-05-07,2.28130956582997,0.8,"ili perc","quantile"
"HHS Region 1",2016-04-09,4,2016-05-07,2.35613211914455,0.85,"ili perc","quantile"
"HHS Region 1",2016-04-09,4,2016-05-07,2.91130061604999,0.9,"ili perc","quantile"
"HHS Region 1",2016-04-09,4,2016-05-07,3.52724807966534,0.95,"ili perc","quantile"
"HHS Region 1",2016-04-09,4,2016-05-07,3.9547011406387,0.975,"ili perc","quantile"
"HHS Region 1",2016-04-09,4,2016-05-07,4.2278752877052,0.99,"ili perc","quantile"
"HHS Region 10",2016-04-09,1,2016-04-16,0.521341282484408,0.01,"ili perc","quantile"
"HHS Region 10",2016-04-09,1,2016-04-16,0.905411713503341,0.025,"ili perc","quantile"
"HHS Region 10",2016-04-09,1,2016-04-16,0.992423412726133,0.05,"ili perc","quantile"
"HHS Region 10",2016-04-09,1,2016-04-16,1.06135141525117,0.1,"ili perc","quantile"
"HHS Region 10",2016-04-09,1,2016-04-16,1.17237338190909,0.15,"ili perc","quantile"
"HHS Region 10",2016-04-09,1,2016-04-16,1.25288404335131,0.2,"ili perc","quantile"
"HHS Region 10",2016-04-09,1,2016-04-16,1.30854599120946,0.25,"ili perc","quantile"
"HHS Region 10",2016-04-09,1,2016-04-16,1.37674518881241,0.3,"ili perc","quantile"
"HHS Region 10",2016-04-09,1,2016-04-16,1.40709272729931,0.35,"ili perc","quantile"
"HHS Region 10",2016-04-09,1,2016-04-16,1.47711154407048,0.4,"ili perc","quantile"
"HHS Region 10",2016-04-09,1,2016-04-16,1.56238234283966,0.45,"ili perc","quantile"
"HHS Region 10",2016-04-09,1,2016-04-16,1.5885545771674,0.5,"ili perc","quantile"
"HHS Region 10",2016-04-09,1,2016-04-16,1.63803790726042,0.55,"ili perc","quantile"
"HHS Region 10",2016-04-09,1,2016-04-16,1.7052537653692,0.6,"ili perc","quantile"
"HHS Region 10",2016-04-09,1,2016-04-16,1.80185534080067,0.65,"ili perc","quantile"
"HHS Region 10",2016-04-09,1,2016-04-16,1.836526373248,0.7,"ili perc","quantile"
"HHS Region 10",2016-04-09,1,2016-04-16,1.95161095248507,0.75,"ili perc","quantile"
"HHS Region 10",2016-04-09,1,2016-04-16,2.08888133152327,0.8,"ili perc","quantile"
"HHS Region 10",2016-04-09,1,2016-04-16,2.42955161714037,0.85,"ili perc","quantile"
"HHS Region 10",2016-04-09,1,2016-04-16,2.64298289852868,0.9,"ili perc","quantile"
"HHS Region 10",2016-04-09,1,2016-04-16,3.02162403684546,0.95,"ili perc","quantile"
"HHS Region 10",2016-04-09,1,2016-04-16,3.56438576310528,0.975,"ili perc","quantile"
"HHS Region 10",2016-04-09,1,2016-04-16,10.5989893021854,0.99,"ili perc","quantile"
"HHS Region 10",2016-04-09,2,2016-04-23,0.254597402723974,0.01,"ili perc","quantile"
"HHS Region 10",2016-04-09,2,2016-04-23,0.439788919951191,0.025,"ili perc","quantile"
"HHS Region 10",2016-04-09,2,2016-04-23,0.679557493375948,0.05,"ili perc","quantile"
"HHS Region 10",2016-04-09,2,2016-04-23,0.893370492629228,0.1,"ili perc","quantile"
"HHS Region 10",2016-04-09,2,2016-04-23,1.02696724743248,0.15,"ili perc","quantile"
"HHS Region 10",2016-04-09,2,2016-04-23,1.12408364767885,0.2,"ili perc","quantile"
"HHS Region 10",2016-04-09,2,2016-04-23,1.28477521900296,0.25,"ili perc","quantile"
"HHS Region 10",2016-04-09,2,2016-04-23,1.37142806357843,0.3,"ili perc","quantile"
"HHS Region 10",2016-04-09,2,2016-04-23,1.40063702976184,0.35,"ili perc","quantile"
"HHS Region 10",2016-04-09,2,2016-04-23,1.45084634400753,0.4,"ili perc","quantile"
"HHS Region 10",2016-04-09,2,2016-04-23,1.50883620773778,0.45,"ili perc","quantile"
"HHS Region 10",2016-04-09,2,2016-04-23,1.56383781174724,0.5,"ili perc","quantile"
"HHS Region 10",2016-04-09,2,2016-04-23,1.64425136202006,0.55,"ili perc","quantile"
"HHS Region 10",2016-04-09,2,2016-04-23,1.73029960056259,0.6,"ili perc","quantile"
"HHS Region 10",2016-04-09,2,2016-04-23,1.83879852898935,0.65,"ili perc","quantile"
"HHS Region 10",2016-04-09,2,2016-04-23,1.92826874046564,0.7,"ili perc","quantile"
"HHS Region 10",2016-04-09,2,2016-04-23,2.20629189945651,0.75,"ili perc","quantile"
"HHS Region 10",2016-04-09,2,2016-04-23,2.30807204063359,0.8,"ili perc","quantile"
"HHS Region 10",2016-04-09,2,2016-04-23,2.61744946075225,0.85,"ili perc","quantile"
"HHS Region 10",2016-04-09,2,2016-04-23,3.19844218530987,0.9,"ili perc","quantile"
"HHS Region 10",2016-04-09,2,2016-04-23,4.00372486633622,0.95,"ili perc","quantile"
"HHS Region 10",2016-04-09,2,2016-04-23,6.89523222254319,0.975,"ili perc","quantile"
"HHS Region 10",2016-04-09,2,2016-04-23,9.29918361410651,0.99,"ili perc","quantile"
"HHS Region 10",2016-04-09,3,2016-04-30,0.257396669427918,0.01,"ili perc","quantile"
"HHS Region 10",2016-04-09,3,2016-04-30,0.347059681078422,0.025,"ili perc","quantile"
"HHS Region 10",2016-04-09,3,2016-04-30,0.539043823896134,0.05,"ili perc","quantile"
"HHS Region 10",2016-04-09,3,2016-04-30,0.726795042052188,0.1,"ili perc","quantile"
"HHS Region 10",2016-04-09,3,2016-04-30,0.919758389036375,0.15,"ili perc","quantile"
"HHS Region 10",2016-04-09,3,2016-04-30,1.05611189302843,0.2,"ili perc","quantile"
"HHS Region 10",2016-04-09,3,2016-04-30,1.14544758947977,0.25,"ili perc","quantile"
"HHS Region 10",2016-04-09,3,2016-04-30,1.26260567719084,0.3,"ili perc","quantile"
"HHS Region 10",2016-04-09,3,2016-04-30,1.356145544986,0.35,"ili perc","quantile"
"HHS Region 10",2016-04-09,3,2016-04-30,1.48081219617498,0.4,"ili perc","quantile"
"HHS Region 10",2016-04-09,3,2016-04-30,1.57069702404755,0.45,"ili perc","quantile"
"HHS Region 10",2016-04-09,3,2016-04-30,1.74952870322149,0.5,"ili perc","quantile"
"HHS Region 10",2016-04-09,3,2016-04-30,1.82472309789167,0.55,"ili perc","quantile"
"HHS Region 10",2016-04-09,3,2016-04-30,1.9104637203122,0.6,"ili perc","quantile"
"HHS Region 10",2016-04-09,3,2016-04-30,2.10434477919416,0.65,"ili perc","quantile"
"HHS Region 10",2016-04-09,3,2016-04-30,2.28353985773168,0.7,"ili perc","quantile"
"HHS Region 10",2016-04-09,3,2016-04-30,2.44783675226305,0.75,"ili perc","quantile"
"HHS Region 10",2016-04-09,3,2016-04-30,2.91587647074831,0.8,"ili perc","quantile"
"HHS Region 10",2016-04-09,3,2016-04-30,3.29207522723299,0.85,"ili perc","quantile"
"HHS Region 10",2016-04-09,3,2016-04-30,3.72485248034214,0.9,"ili perc","quantile"
"HHS Region 10",2016-04-09,3,2016-04-30,5.52822717506458,0.95,"ili perc","quantile"
"HHS Region 10",2016-04-09,3,2016-04-30,10.1231078696657,0.975,"ili perc","quantile"
"HHS Region 10",2016-04-09,3,2016-04-30,16.2341612909731,0.99,"ili perc","quantile"
"HHS Region 10",2016-04-09,4,2016-05-07,0.114415326388148,0.01,"ili perc","quantile"
"HHS Region 10",2016-04-09,4,2016-05-07,0.309125649714173,0.025,"ili perc","quantile"
"HHS Region 10",2016-04-09,4,2016-05-07,0.544582789031624,0.05,"ili perc","quantile"
"HHS Region 10",2016-04-09,4,2016-05-07,0.630599586336298,0.1,"ili perc","quantile"
"HHS Region 10",2016-04-09,4,2016-05-07,0.816713580947406,0.15,"ili perc","quantile"
"HHS Region 10",2016-04-09,4,2016-05-07,1.00310535243604,0.2,"ili perc","quantile"
"HHS Region 10",2016-04-09,4,2016-05-07,1.13555797112785,0.25,"ili perc","quantile"
"HHS Region 10",2016-04-09,4,2016-05-07,1.28309633004789,0.3,"ili perc","quantile"
"HHS Region 10",2016-04-09,4,2016-05-07,1.3706734640457,0.35,"ili perc","quantile"
"HHS Region 10",2016-04-09,4,2016-05-07,1.45036498278296,0.4,"ili perc","quantile"
"HHS Region 10",2016-04-09,4,2016-05-07,1.56199095793155,0.45,"ili perc","quantile"
"HHS Region 10",2016-04-09,4,2016-05-07,1.70618637357925,0.5,"ili perc","quantile"
"HHS Region 10",2016-04-09,4,2016-05-07,1.92185010007959,0.55,"ili perc","quantile"
"HHS Region 10",2016-04-09,4,2016-05-07,2.23935569632772,0.6,"ili perc","quantile"
"HHS Region 10",2016-04-09,4,2016-05-07,2.46639275814735,0.65,"ili perc","quantile"
"HHS Region 10",2016-04-09,4,2016-05-07,2.69688203603849,0.7,"ili perc","quantile"
"HHS Region 10",2016-04-09,4,2016-05-07,3.0791384037252,0.75,"ili perc","quantile"
"HHS Region 10",2016-04-09,4,2016-05-07,3.24516546656007,0.8,"ili perc","quantile"
"HHS Region 10",2016-04-09,4,2016-05-07,3.62255058991684,0.85,"ili perc","quantile"
"HHS Region 10",2016-04-09,4,2016-05-07,4.66283516782944,0.9,"ili perc","quantile"
"HHS Region 10",2016-04-09,4,2016-05-07,6.11738085989407,0.95,"ili perc","quantile"
"HHS Region 10",2016-04-09,4,2016-05-07,10.3281607182403,0.975,"ili perc","quantile"
"HHS Region 10",2016-04-09,4,2016-05-07,16.5737875178872,0.99,"ili perc","quantile"
"HHS Region 2",2016-04-09,1,2016-04-16,1.19338059904696,0.01,"ili perc","quantile"
"HHS Region 2",2016-04-09,1,2016-04-16,1.26029288237891,0.025,"ili perc","quantile"
"HHS Region 2",2016-04-09,1,2016-04-16,1.45607226764571,0.05,"ili perc","quantile"
"HHS Region 2",2016-04-09,1,2016-04-16,1.60498819493598,0.1,"ili perc","quantile"
"HHS Region 2",2016-04-09,1,2016-04-16,1.63829207528928,0.15,"ili perc","quantile"
"HHS Region 2",2016-04-09,1,2016-04-16,1.6773686590186,0.2,"ili perc","quantile"
"HHS Region 2",2016-04-09,1,2016-04-16,1.7457008697089,0.25,"ili perc","quantile"
"HHS Region 2",2016-04-09,1,2016-04-16,1.79562812904908,0.3,"ili perc","quantile"
"HHS Region 2",2016-04-09,1,2016-04-16,1.82922511429205,0.35,"ili perc","quantile"
"HHS Region 2",2016-04-09,1,2016-04-16,1.88882241353228,0.4,"ili perc","quantile"
"HHS Region 2",2016-04-09,1,2016-04-16,1.92677326711089,0.45,"ili perc","quantile"
"HHS Region 2",2016-04-09,1,2016-04-16,1.95519828217517,0.5,"ili perc","quantile"
"HHS Region 2",2016-04-09,1,2016-04-16,2.01552502510281,0.55,"ili perc","quantile"
"HHS Region 2",2016-04-09,1,2016-04-16,2.05018793774587,0.6,"ili perc","quantile"
"HHS Region 2",2016-04-09,1,2016-04-16,2.07313206315802,0.65,"ili perc","quantile"
"HHS Region 2",2016-04-09,1,2016-04-16,2.10502578958086,0.7,"ili perc","quantile"
"HHS Region 2",2016-04-09,1,2016-04-16,2.19788589742941,0.75,"ili perc","quantile"
"HHS Region 2",2016-04-09,1,2016-04-16,2.25066717855708,0.8,"ili perc","quantile"
"HHS Region 2",2016-04-09,1,2016-04-16,2.34989928547986,0.85,"ili perc","quantile"
"HHS Region 2",2016-04-09,1,2016-04-16,2.4395114705829,0.9,"ili perc","quantile"
"HHS Region 2",2016-04-09,1,2016-04-16,3.02689154363724,0.95,"ili perc","quantile"
"HHS Region 2",2016-04-09,1,2016-04-16,3.70325282529649,0.975,"ili perc","quantile"
"HHS Region 2",2016-04-09,1,2016-04-16,3.91494607781115,0.99,"ili perc","quantile"
"HHS Region 2",2016-04-09,2,2016-04-23,0.917041602957405,0.01,"ili perc","quantile"
"HHS Region 2",2016-04-09,2,2016-04-23,1.04937435196191,0.025,"ili perc","quantile"
"HHS Region 2",2016-04-09,2,2016-04-23,1.19753594933419,0.05,"ili perc","quantile"
"HHS Region 2",2016-04-09,2,2016-04-23,1.4118430875266,0.1,"ili perc","quantile"
"HHS Region 2",2016-04-09,2,2016-04-23,1.51577029706818,0.15,"ili perc","quantile"
"HHS Region 2",2016-04-09,2,2016-04-23,1.57056707288088,0.2,"ili perc","quantile"
"HHS Region 2",2016-04-09,2,2016-04-23,1.65854050386315,0.25,"ili perc","quantile"
"HHS Region 2",2016-04-09,2,2016-04-23,1.70477016551467,0.3,"ili perc","quantile"
"HHS Region 2",2016-04-09,2,2016-04-23,1.77346996320192,0.35,"ili perc","quantile"
"HHS Region 2",2016-04-09,2,2016-04-23,1.85230643100135,0.4,"ili perc","quantile"
"HHS Region 2",2016-04-09,2,2016-04-23,1.89116462404922,0.45,"ili perc","quantile"
"HHS Region 2",2016-04-09,2,2016-04-23,1.93561367412266,0.5,"ili perc","quantile"
"HHS Region 2",2016-04-09,2,2016-04-23,2.02611715263496,0.55,"ili perc","quantile"
"HHS Region 2",2016-04-09,2,2016-04-23,2.06858905168778,0.6,"ili perc","quantile"
"HHS Region 2",2016-04-09,2,2016-04-23,2.1181747148345,0.65,"ili perc","quantile"
"HHS Region 2",2016-04-09,2,2016-04-23,2.17974616265884,0.7,"ili perc","quantile"
"HHS Region 2",2016-04-09,2,2016-04-23,2.26610951707618,0.75,"ili perc","quantile"
"HHS Region 2",2016-04-09,2,2016-04-23,2.38734512451844,0.8,"ili perc","quantile"
"HHS Region 2",2016-04-09,2,2016-04-23,2.62015179855482,0.85,"ili perc","quantile"
"HHS Region 2",2016-04-09,2,2016-04-23,2.79412240910409,0.9,"ili perc","quantile"
"HHS Region 2",2016-04-09,2,2016-04-23,3.26505175233807,0.95,"ili perc","quantile"
"HHS Region 2",2016-04-09,2,2016-04-23,3.55603549833927,0.975,"ili perc","quantile"
"HHS Region 2",2016-04-09,2,2016-04-23,3.64580010295265,0.99,"ili perc","quantile"
"HHS Region 2",2016-04-09,3,2016-04-30,0.936898031152265,0.01,"ili perc","quantile"
"HHS Region 2",2016-04-09,3,2016-04-30,1.0544349888778,0.025,"ili perc","quantile"
"HHS Region 2",2016-04-09,3,2016-04-30,1.13120780679868,0.05,"ili perc","quantile"
"HHS Region 2",2016-04-09,3,2016-04-30,1.25323009208043,0.1,"ili perc","quantile"
"HHS Region 2",2016-04-09,3,2016-04-30,1.41550506292443,0.15,"ili perc","quantile"
"HHS Region 2",2016-04-09,3,2016-04-30,1.5311861020166,0.2,"ili perc","quantile"
"HHS Region 2",2016-04-09,3,2016-04-30,1.62759038531313,0.25,"ili perc","quantile"
"HHS Region 2",2016-04-09,3,2016-04-30,1.67963941590878,0.3,"ili perc","quantile"
"HHS Region 2",2016-04-09,3,2016-04-30,1.75615929741149,0.35,"ili perc","quantile"
"HHS Region 2",2016-04-09,3,2016-04-30,1.82552512318968,0.4,"ili perc","quantile"
"HHS Region 2",2016-04-09,3,2016-04-30,1.90533825933932,0.45,"ili perc","quantile"
"HHS Region 2",2016-04-09,3,2016-04-30,1.94389453644539,0.5,"ili perc","quantile"
"HHS Region 2",2016-04-09,3,2016-04-30,2.07456348757233,0.55,"ili perc","quantile"
"HHS Region 2",2016-04-09,3,2016-04-30,2.12825602109587,0.6,"ili perc","quantile"
"HHS Region 2",2016-04-09,3,2016-04-30,2.21211338615559,0.65,"ili perc","quantile"
"HHS Region 2",2016-04-09,3,2016-04-30,2.36261782248778,0.7,"ili perc","quantile"
"HHS Region 2",2016-04-09,3,2016-04-30,2.46797323591002,0.75,"ili perc","quantile"
"HHS Region 2",2016-04-09,3,2016-04-30,2.59441707495631,0.8,"ili perc","quantile"
"HHS Region 2",2016-04-09,3,2016-04-30,2.93317754757899,0.85,"ili perc","quantile"
"HHS Region 2",2016-04-09,3,2016-04-30,3.0408048471154,0.9,"ili perc","quantile"
"HHS Region 2",2016-04-09,3,2016-04-30,3.49795124385273,0.95,"ili perc","quantile"
"HHS Region 2",2016-04-09,3,2016-04-30,4.0524670302284,0.975,"ili perc","quantile"
"HHS Region 2",2016-04-09,3,2016-04-30,4.46759734899777,0.99,"ili perc","quantile"
"HHS Region 2",2016-04-09,4,2016-05-07,0.688030643494306,0.01,"ili perc","quantile"
"HHS Region 2",2016-04-09,4,2016-05-07,0.884249633726136,0.025,"ili perc","quantile"
"HHS Region 2",2016-04-09,4,2016-05-07,0.97891460494657,0.05,"ili perc","quantile"
"HHS Region 2",2016-04-09,4,2016-05-07,1.18146664892543,0.1,"ili perc","quantile"
"HHS Region 2",2016-04-09,4,2016-05-07,1.30035370990542,0.15,"ili perc","quantile"
"HHS Region 2",2016-04-09,4,2016-05-07,1.47445741186311,0.2,"ili perc","quantile"
"HHS Region 2",2016-04-09,4,2016-05-07,1.54109410132274,0.25,"ili perc","quantile"
"HHS Region 2",2016-04-09,4,2016-05-07,1.70916295249246,0.3,"ili perc","quantile"
"HHS Region 2",2016-04-09,4,2016-05-07,1.78659309008994,0.35,"ili perc","quantile"
"HHS Region 2",2016-04-09,4,2016-05-07,1.83953609088046,0.4,"ili perc","quantile"
"HHS Region 2",2016-04-09,4,2016-05-07,1.91724481000634,0.45,"ili perc","quantile"
"HHS Region 2",2016-04-09,4,2016-05-07,1.98955725817527,0.5,"ili perc","quantile"
"HHS Region 2",2016-04-09,4,2016-05-07,2.0475276975121,0.55,"ili perc","quantile"
"HHS Region 2",2016-04-09,4,2016-05-07,2.17514547860349,0.6,"ili perc","quantile"
"HHS Region 2",2016-04-09,4,2016-05-07,2.29083648040781,0.65,"ili perc","quantile"
"HHS Region 2",2016-04-09,4,2016-05-07,2.40497288863647,0.7,"ili perc","quantile"
"HHS Region 2",2016-04-09,4,2016-05-07,2.49932394009876,0.75,"ili perc","quantile"
"HHS Region 2",2016-04-09,4,2016-05-07,2.73231427926098,0.8,"ili perc","quantile"
"HHS Region 2",2016-04-09,4,2016-05-07,2.95834676501275,0.85,"ili perc","quantile"
"HHS Region 2",2016-04-09,4,2016-05-07,3.45234533179774,0.9,"ili perc","quantile"
"HHS Region 2",2016-04-09,4,2016-05-07,3.85663145519401,0.95,"ili perc","quantile"
"HHS Region 2",2016-04-09,4,2016-05-07,4.41722220003877,0.975,"ili perc","quantile"
"HHS Region 2",2016-04-09,4,2016-05-07,4.82142982956538,0.99,"ili perc","quantile"
"HHS Region 3",2016-04-09,1,2016-04-16,1.17943929548266,0.01,"ili perc","quantile"
"HHS Region 3",2016-04-09,1,2016-04-16,1.23832507845699,0.025,"ili perc","quantile"
"HHS Region 3",2016-04-09,1,2016-04-16,1.47042722044686,0.05,"ili perc","quantile"
"HHS Region 3",2016-04-09,1,2016-04-16,1.52840882546821,0.1,"ili perc","quantile"
"HHS Region 3",2016-04-09,1,2016-04-16,1.68596457165366,0.15,"ili perc","quantile"
"HHS Region 3",2016-04-09,1,2016-04-16,1.73094281741154,0.2,"ili perc","quantile"
"HHS Region 3",2016-04-09,1,2016-04-16,1.7703631990625,0.25,"ili perc","quantile"
"HHS Region 3",2016-04-09,1,2016-04-16,1.84420912921418,0.3,"ili perc","quantile"
"HHS Region 3",2016-04-09,1,2016-04-16,1.88092103795537,0.35,"ili perc","quantile"
"HHS Region 3",2016-04-09,1,2016-04-16,1.90351688557205,0.4,"ili perc","quantile"
"HHS Region 3",2016-04-09,1,2016-04-16,1.95937309808447,0.45,"ili perc","quantile"
"HHS Region 3",2016-04-09,1,2016-04-16,2.03300033117512,0.5,"ili perc","quantile"
"HHS Region 3",2016-04-09,1,2016-04-16,2.10108090877537,0.55,"ili perc","quantile"
"HHS Region 3",2016-04-09,1,2016-04-16,2.15738867513783,0.6,"ili perc","quantile"
"HHS Region 3",2016-04-09,1,2016-04-16,2.21543485227573,0.65,"ili perc","quantile"
"HHS Region 3",2016-04-09,1,2016-04-16,2.28007540100793,0.7,"ili perc","quantile"
"HHS Region 3",2016-04-09,1,2016-04-16,2.31927719053766,0.75,"ili perc","quantile"
"HHS Region 3",2016-04-09,1,2016-04-16,2.39684449210427,0.8,"ili perc","quantile"
"HHS Region 3",2016-04-09,1,2016-04-16,2.51793615144738,0.85,"ili perc","quantile"
"HHS Region 3",2016-04-09,1,2016-04-16,2.62087583383418,0.9,"ili perc","quantile"
"HHS Region 3",2016-04-09,1,2016-04-16,2.82065192208332,0.95,"ili perc","quantile"
"HHS Region 3",2016-04-09,1,2016-04-16,2.8943804348214,0.975,"ili perc","quantile"
"HHS Region 3",2016-04-09,1,2016-04-16,3.4413701603889,0.99,"ili perc","quantile"
"HHS Region 3",2016-04-09,2,2016-04-23,1.04956626846695,0.01,"ili perc","quantile"
"HHS Region 3",2016-04-09,2,2016-04-23,1.14149140762642,0.025,"ili perc","quantile"
"HHS Region 3",2016-04-09,2,2016-04-23,1.17159694384375,0.05,"ili perc","quantile"
"HHS Region 3",2016-04-09,2,2016-04-23,1.276868445521,0.1,"ili perc","quantile"
"HHS Region 3",2016-04-09,2,2016-04-23,1.40821823769878,0.15,"ili perc","quantile"
"HHS Region 3",2016-04-09,2,2016-04-23,1.53097481132519,0.2,"ili perc","quantile"
"HHS Region 3",2016-04-09,2,2016-04-23,1.63141900116904,0.25,"ili perc","quantile"
"HHS Region 3",2016-04-09,2,2016-04-23,1.73588229316174,0.3,"ili perc","quantile"
"HHS Region 3",2016-04-09,2,2016-04-23,1.81001033455107,0.35,"ili perc","quantile"
"HHS Region 3",2016-04-09,2,2016-04-23,1.92641336035029,0.4,"ili perc","quantile"
"HHS Region 3",2016-04-09,2,2016-04-23,2.01563128149237,0.45,"ili perc","quantile"
"HHS Region 3",2016-04-09,2,2016-04-23,2.05705175690859,0.5,"ili perc","quantile"
"HHS Region 3",2016-04-09,2,2016-04-23,2.14242139762471,0.55,"ili perc","quantile"
"HHS Region 3",2016-04-09,2,2016-04-23,2.23266755127431,0.6,"ili perc","quantile"
"HHS Region 3",2016-04-09,2,2016-04-23,2.30483987298448,0.65,"ili perc","quantile"
"HHS Region 3",2016-04-09,2,2016-04-23,2.46390485463288,0.7,"ili perc","quantile"
"HHS Region 3",2016-04-09,2,2016-04-23,2.59493026247694,0.75,"ili perc","quantile"
"HHS Region 3",2016-04-09,2,2016-04-23,2.63903763632695,0.8,"ili perc","quantile"
"HHS Region 3",2016-04-09,2,2016-04-23,2.80311744292801,0.85,"ili perc","quantile"
"HHS Region 3",2016-04-09,2,2016-04-23,2.96717803120201,0.9,"ili perc","quantile"
"HHS Region 3",2016-04-09,2,2016-04-23,3.29902495374149,0.95,"ili perc","quantile"
"HHS Region 3",2016-04-09,2,2016-04-23,3.52282770438279,0.975,"ili perc","quantile"
"HHS Region 3",2016-04-09,2,2016-04-23,3.91563451102094,0.99,"ili perc","quantile"
"HHS Region 3",2016-04-09,3,2016-04-30,0.954559903395072,0.01,"ili perc","quantile"
"HHS Region 3",2016-04-09,3,2016-04-30,1.03547142648674,0.025,"ili perc","quantile"
"HHS Region 3",2016-04-09,3,2016-04-30,1.08407342158537,0.05,"ili perc","quantile"
"HHS Region 3",2016-04-09,3,2016-04-30,1.14023001172289,0.1,"ili perc","quantile"
"HHS Region 3",2016-04-09,3,2016-04-30,1.35935536015481,0.15,"ili perc","quantile"
"HHS Region 3",2016-04-09,3,2016-04-30,1.52983943344208,0.2,"ili perc","quantile"
"HHS Region 3",2016-04-09,3,2016-04-30,1.64981964674207,0.25,"ili perc","quantile"
"HHS Region 3",2016-04-09,3,2016-04-30,1.70245586222745,0.3,"ili perc","quantile"
"HHS Region 3",2016-04-09,3,2016-04-30,1.87476447752192,0.35,"ili perc","quantile"
"HHS Region 3",2016-04-09,3,2016-04-30,1.92575509272154,0.4,"ili perc","quantile"
"HHS Region 3",2016-04-09,3,2016-04-30,1.98927364481522,0.45,"ili perc","quantile"
"HHS Region 3",2016-04-09,3,2016-04-30,2.0628842786279,0.5,"ili perc","quantile"
"HHS Region 3",2016-04-09,3,2016-04-30,2.18637088659662,0.55,"ili perc","quantile"
"HHS Region 3",2016-04-09,3,2016-04-30,2.28542852464135,0.6,"ili perc","quantile"
"HHS Region 3",2016-04-09,3,2016-04-30,2.41657527177861,0.65,"ili perc","quantile"
"HHS Region 3",2016-04-09,3,2016-04-30,2.47135139665697,0.7,"ili perc","quantile"
"HHS Region 3",2016-04-09,3,2016-04-30,2.57076452818606,0.75,"ili perc","quantile"
"HHS Region 3",2016-04-09,3,2016-04-30,2.70244522964444,0.8,"ili perc","quantile"
"HHS Region 3",2016-04-09,3,2016-04-30,2.81693683335315,0.85,"ili perc","quantile"
"HHS Region 3",2016-04-09,3,2016-04-30,3.1607260324418,0.9,"ili perc","quantile"
"HHS Region 3",2016-04-09,3,2016-04-30,3.62781149375786,0.95,"ili perc","quantile"
"HHS Region 3",2016-04-09,3,2016-04-30,3.87891752389203,0.975,"ili perc","quantile"
"HHS Region 3",2016-04-09,3,2016-04-30,4.18272921408641,0.99,"ili perc","quantile"
"HHS Region 3",2016-04-09,4,2016-05-07,0.815273556973896,0.01,"ili perc","quantile"
"HHS Region 3",2016-04-09,4,2016-05-07,0.841788858005504,0.025,"ili perc","quantile"
"HHS Region 3",2016-04-09,4,2016-05-07,0.919855057372521,0.05,"ili perc","quantile"
"HHS Region 3",2016-04-09,4,2016-05-07,1.11401181111813,0.1,"ili perc","quantile"
"HHS Region 3",2016-04-09,4,2016-05-07,1.2280580190849,0.15,"ili perc","quantile"
"HHS Region 3",2016-04-09,4,2016-05-07,1.38610434386631,0.2,"ili perc","quantile"
"HHS Region 3",2016-04-09,4,2016-05-07,1.52846632389033,0.25,"ili perc","quantile"
"HHS Region 3",2016-04-09,4,2016-05-07,1.71108414176896,0.3,"ili perc","quantile"
"HHS Region 3",2016-04-09,4,2016-05-07,1.76812611830405,0.35,"ili perc","quantile"
"HHS Region 3",2016-04-09,4,2016-05-07,1.89433380684814,0.4,"ili perc","quantile"
"HHS Region 3",2016-04-09,4,2016-05-07,2.02018310944306,0.45,"ili perc","quantile"
"HHS Region 3",2016-04-09,4,2016-05-07,2.08827358452992,0.5,"ili perc","quantile"
"HHS Region 3",2016-04-09,4,2016-05-07,2.24419823489608,0.55,"ili perc","quantile"
"HHS Region 3",2016-04-09,4,2016-05-07,2.35718089446716,0.6,"ili perc","quantile"
"HHS Region 3",2016-04-09,4,2016-05-07,2.49802763748463,0.65,"ili perc","quantile"
"HHS Region 3",2016-04-09,4,2016-05-07,2.55472449453789,0.7,"ili perc","quantile"
"HHS Region 3",2016-04-09,4,2016-05-07,2.65420799427339,0.75,"ili perc","quantile"
"HHS Region 3",2016-04-09,4,2016-05-07,2.7500118878535,0.8,"ili perc","quantile"
"HHS Region 3",2016-04-09,4,2016-05-07,2.91785536394047,0.85,"ili perc","quantile"
"HHS Region 3",2016-04-09,4,2016-05-07,3.42154019043111,0.9,"ili perc","quantile"
"HHS Region 3",2016-04-09,4,2016-05-07,4.0964044400146,0.95,"ili perc","quantile"
"HHS Region 3",2016-04-09,4,2016-05-07,4.18783548447351,0.975,"ili perc","quantile"
"HHS Region 3",2016-04-09,4,2016-05-07,4.29601645996822,0.99,"ili perc","quantile"
"HHS Region 4",2016-04-09,1,2016-04-16,1.34507938661127,0.01,"ili perc","quantile"
"HHS Region 4",2016-04-09,1,2016-04-16,1.41900668596407,0.025,"ili perc","quantile"
"HHS Region 4",2016-04-09,1,2016-04-16,1.52107502990107,0.05,"ili perc","quantile"
"HHS Region 4",2016-04-09,1,2016-04-16,1.63330842871589,0.1,"ili perc","quantile"
"HHS Region 4",2016-04-09,1,2016-04-16,1.7565525052471,0.15,"ili perc","quantile"
"HHS Region 4",2016-04-09,1,2016-04-16,1.83632368130522,0.2,"ili perc","quantile"
"HHS Region 4",2016-04-09,1,2016-04-16,1.89910581992846,0.25,"ili perc","quantile"
"HHS Region 4",2016-04-09,1,2016-04-16,1.93705706776154,0.3,"ili perc","quantile"
"HHS Region 4",2016-04-09,1,2016-04-16,1.98460671627906,0.35,"ili perc","quantile"
"HHS Region 4",2016-04-09,1,2016-04-16,2.01182930379508,0.4,"ili perc","quantile"
"HHS Region 4",2016-04-09,1,2016-04-16,2.03515075949205,0.45,"ili perc","quantile"
"HHS Region 4",2016-04-09,1,2016-04-16,2.06938786527702,0.5,"ili perc","quantile"
"HHS Region 4",2016-04-09,1,2016-04-16,2.10971474969226,0.55,"ili perc","quantile"
"HHS Region 4",2016-04-09,1,2016-04-16,2.15066271779501,0.6,"ili perc","quantile"
"HHS Region 4",2016-04-09,1,2016-04-16,2.18604391797765,0.65,"ili perc","quantile"
"HHS Region 4",2016-04-09,1,2016-04-16,2.25404117201639,0.7,"ili perc","quantile"
"HHS Region 4",2016-04-09,1,2016-04-16,2.27289277737777,0.75,"ili perc","quantile"
"HHS Region 4",2016-04-09,1,2016-04-16,2.3156414612831,0.8,"ili perc","quantile"
"HHS Region 4",2016-04-09,1,2016-04-16,2.37813635649458,0.85,"ili perc","quantile"
"HHS Region 4",2016-04-09,1,2016-04-16,2.49110652033143,0.9,"ili perc","quantile"
"HHS Region 4",2016-04-09,1,2016-04-16,2.83642549484411,0.95,"ili perc","quantile"
"HHS Region 4",2016-04-09,1,2016-04-16,3.05110780734584,0.975,"ili perc","quantile"
"HHS Region 4",2016-04-09,1,2016-04-16,3.21655923146476,0.99,"ili perc","quantile"
"HHS Region 4",2016-04-09,2,2016-04-23,1.25322113579209,0.01,"ili perc","quantile"
"HHS Region 4",2016-04-09,2,2016-04-23,1.29913576504995,0.025,"ili perc","quantile"
"HHS Region 4",2016-04-09,2,2016-04-23,1.37829323227578,0.05,"ili perc","quantile"
"HHS Region 4",2016-04-09,2,2016-04-23,1.46218520637475,0.1,"ili perc","quantile"
"HHS Region 4",2016-04-09,2,2016-04-23,1.58719099347776,0.15,"ili perc","quantile"
"HHS Region 4",2016-04-09,2,2016-04-23,1.6563616362124,0.2,"ili perc","quantile"
"HHS Region 4",2016-04-09,2,2016-04-23,1.71568942424335,0.25,"ili perc","quantile"
"HHS Region 4",2016-04-09,2,2016-04-23,1.78574202140251,0.3,"ili perc","quantile"
"HHS Region 4",2016-04-09,2,2016-04-23,1.89050829920789,0.35,"ili perc","quantile"
"HHS Region 4",2016-04-09,2,2016-04-23,1.93174342311413,0.4,"ili perc","quantile"
"HHS Region 4",2016-04-09,2,2016-04-23,2.02508472563702,0.45,"ili perc","quantile"
"HHS Region 4",2016-04-09,2,2016-04-23,2.07920082073766,0.5,"ili perc","quantile"
"HHS Region 4",2016-04-09,2,2016-04-23,2.10056712531137,0.55,"ili perc","quantile"
"HHS Region 4",2016-04-09,2,2016-04-23,2.19465722470293,0.6,"ili perc","quantile"
"HHS Region 4",2016-04-09,2,2016-04-23,2.28493161266474,0.65,"ili perc","quantile"
"HHS Region 4",2016-04-09,2,2016-04-23,2.3868501648415,0.7,"ili perc","quantile"
"HHS Region 4",2016-04-09,2,2016-04-23,2.41535475830932,0.75,"ili perc","quantile"
"HHS Region 4",2016-04-09,2,2016-04-23,2.51933719047829,0.8,"ili perc","quantile"
"HHS Region 4",2016-04-09,2,2016-04-23,2.61661324599927,0.85,"ili perc","quantile"
"HHS Region 4",2016-04-09,2,2016-04-23,2.8266548047788,0.9,"ili perc","quantile"
"HHS Region 4",2016-04-09,2,2016-04-23,3.14441077820236,0.95,"ili perc","quantile"
"HHS Region 4",2016-04-09,2,2016-04-23,3.38708896236146,0.975,"ili perc","quantile"
"HHS Region 4",2016-04-09,2,2016-04-23,3.41210079377676,0.99,"ili perc","quantile"
"HHS Region 4",2016-04-09,3,2016-04-30,0.929746497594661,0.01,"ili perc","quantile"
"HHS Region 4",2016-04-09,3,2016-04-30,1.1796632480207,0.025,"ili perc","quantile"
"HHS Region 4",2016-04-09,3,2016-04-30,1.22411873860171,0.05,"ili perc","quantile"
"HHS Region 4",2016-04-09,3,2016-04-30,1.4073975905154,0.1,"ili perc","quantile"
"HHS Region 4",2016-04-09,3,2016-04-30,1.48755077864978,0.15,"ili perc","quantile"
"HHS Region 4",2016-04-09,3,2016-04-30,1.56340303722034,0.2,"ili perc","quantile"
"HHS Region 4",2016-04-09,3,2016-04-30,1.68410760307908,0.25,"ili perc","quantile"
"HHS Region 4",2016-04-09,3,2016-04-30,1.80460638173469,0.3,"ili perc","quantile"
"HHS Region 4",2016-04-09,3,2016-04-30,1.87283333039179,0.35,"ili perc","quantile"
"HHS Region 4",2016-04-09,3,2016-04-30,1.99404770271881,0.4,"ili perc","quantile"
"HHS Region 4",2016-04-09,3,2016-04-30,2.02662257257912,0.45,"ili perc","quantile"
"HHS Region 4",2016-04-09,3,2016-04-30,2.12501147557846,0.5,"ili perc","quantile"
"HHS Region 4",2016-04-09,3,2016-04-30,2.20596047060549,0.55,"ili perc","quantile"
"HHS Region 4",2016-04-09,3,2016-04-30,2.26798175756343,0.6,"ili perc","quantile"
"HHS Region 4",2016-04-09,3,2016-04-30,2.35534433081417,0.65,"ili perc","quantile"
"HHS Region 4",2016-04-09,3,2016-04-30,2.45722202697853,0.7,"ili perc","quantile"
"HHS Region 4",2016-04-09,3,2016-04-30,2.54574719705094,0.75,"ili perc","quantile"
"HHS Region 4",2016-04-09,3,2016-04-30,2.76362452569806,0.8,"ili perc","quantile"
"HHS Region 4",2016-04-09,3,2016-04-30,3.06143272728174,0.85,"ili perc","quantile"
"HHS Region 4",2016-04-09,3,2016-04-30,3.28964663093025,0.9,"ili perc","quantile"
"HHS Region 4",2016-04-09,3,2016-04-30,3.5475977120385,0.95,"ili perc","quantile"
"HHS Region 4",2016-04-09,3,2016-04-30,3.9057976289441,0.975,"ili perc","quantile"
"HHS Region 4",2016-04-09,3,2016-04-30,4.04658030342563,0.99,"ili perc","quantile"
"HHS Region 4",2016-04-09,4,2016-05-07,0.843552619413934,0.01,"ili perc","quantile"
"HHS Region 4",2016-04-09,4,2016-05-07,0.990480812721154,0.025,"ili perc","quantile"
"HHS Region 4",2016-04-09,4,2016-05-07,1.24564399092661,0.05,"ili perc","quantile"
"HHS Region 4",2016-04-09,4,2016-05-07,1.40008244422096,0.1,"ili perc","quantile"
"HHS Region 4",2016-04-09,4,2016-05-07,1.50831445388921,0.15,"ili perc","quantile"
"HHS Region 4",2016-04-09,4,2016-05-07,1.5357344908431,0.2,"ili perc","quantile"
"HHS Region 4",2016-04-09,4,2016-05-07,1.61102322398176,0.25,"ili perc","quantile"
"HHS Region 4",2016-04-09,4,2016-05-07,1.7469926449564,0.3,"ili perc","quantile"
"HHS Region 4",2016-04-09,4,2016-05-07,1.89124614187903,0.35,"ili perc","quantile"
"HHS Region 4",2016-04-09,4,2016-05-07,1.9617120553994,0.4,"ili perc","quantile"
"HHS Region 4",2016-04-09,4,2016-05-07,2.0208572212234,0.45,"ili perc","quantile"
"HHS Region 4",2016-04-09,4,2016-05-07,2.10616670033815,0.5,"ili perc","quantile"
"HHS Region 4",2016-04-09,4,2016-05-07,2.17854811699585,0.55,"ili perc","quantile"
"HHS Region 4",2016-04-09,4,2016-05-07,2.24939771221484,0.6,"ili perc","quantile"
"HHS Region 4",2016-04-09,4,2016-05-07,2.33350102160532,0.65,"ili perc","quantile"
"HHS Region 4",2016-04-09,4,2016-05-07,2.50674168419752,0.7,"ili perc","quantile"
"HHS Region 4",2016-04-09,4,2016-05-07,2.61471660780913,0.75,"ili perc","quantile"
"HHS Region 4",2016-04-09,4,2016-05-07,2.83337306564645,0.8,"ili perc","quantile"
"HHS Region 4",2016-04-09,4,2016-05-07,2.92216710452209,0.85,"ili perc","quantile"
"HHS Region 4",2016-04-09,4,2016-05-07,3.30778832441257,0.9,"ili perc","quantile"
"HHS Region 4",2016-04-09,4,2016-05-07,3.58195379814859,0.95,"ili perc","quantile"
"HHS Region 4",2016-04-09,4,2016-05-07,3.70053601109025,0.975,"ili perc","quantile"
"HHS Region 4",2016-04-09,4,2016-05-07,3.82789071131656,0.99,"ili perc","quantile"
"HHS Region 5",2016-04-09,1,2016-04-16,0.963687789823905,0.01,"ili perc","quantile"
"HHS Region 5",2016-04-09,1,2016-04-16,1.07031808224399,0.025,"ili perc","quantile"
"HHS Region 5",2016-04-09,1,2016-04-16,1.13792179993451,0.05,"ili perc","quantile"
"HHS Region 5",2016-04-09,1,2016-04-16,1.30454954827759,0.1,"ili perc","quantile"
"HHS Region 5",2016-04-09,1,2016-04-16,1.3574910890952,0.15,"ili perc","quantile"
"HHS Region 5",2016-04-09,1,2016-04-16,1.37642878110439,0.2,"ili perc","quantile"
"HHS Region 5",2016-04-09,1,2016-04-16,1.41500071024704,0.25,"ili perc","quantile"
"HHS Region 5",2016-04-09,1,2016-04-16,1.4460271792242,0.3,"ili perc","quantile"
"HHS Region 5",2016-04-09,1,2016-04-16,1.47464568743875,0.35,"ili perc","quantile"
"HHS Region 5",2016-04-09,1,2016-04-16,1.52443657141366,0.4,"ili perc","quantile"
"HHS Region 5",2016-04-09,1,2016-04-16,1.54477187482686,0.45,"ili perc","quantile"
"HHS Region 5",2016-04-09,1,2016-04-16,1.5812585881879,0.5,"ili perc","quantile"
"HHS Region 5",2016-04-09,1,2016-04-16,1.61391684936908,0.55,"ili perc","quantile"
"HHS Region 5",2016-04-09,1,2016-04-16,1.6410027699956,0.6,"ili perc","quantile"
"HHS Region 5",2016-04-09,1,2016-04-16,1.65388470292293,0.65,"ili perc","quantile"
"HHS Region 5",2016-04-09,1,2016-04-16,1.69123638963929,0.7,"ili perc","quantile"
"HHS Region 5",2016-04-09,1,2016-04-16,1.71555163062489,0.75,"ili perc","quantile"
"HHS Region 5",2016-04-09,1,2016-04-16,1.75323125465264,0.8,"ili perc","quantile"
"HHS Region 5",2016-04-09,1,2016-04-16,1.81659881428985,0.85,"ili perc","quantile"
"HHS Region 5",2016-04-09,1,2016-04-16,1.94668837770757,0.9,"ili perc","quantile"
"HHS Region 5",2016-04-09,1,2016-04-16,2.37449908177102,0.95,"ili perc","quantile"
"HHS Region 5",2016-04-09,1,2016-04-16,2.72511997877388,0.975,"ili perc","quantile"
"HHS Region 5",2016-04-09,1,2016-04-16,2.81530261382396,0.99,"ili perc","quantile"
"HHS Region 5",2016-04-09,2,2016-04-23,0.841392090543707,0.01,"ili perc","quantile"
"HHS Region 5",2016-04-09,2,2016-04-23,0.87640683153919,0.025,"ili perc","quantile"
"HHS Region 5",2016-04-09,2,2016-04-23,1.01389775341535,0.05,"ili perc","quantile"
"HHS Region 5",2016-04-09,2,2016-04-23,1.13117301072476,0.1,"ili perc","quantile"
"HHS Region 5",2016-04-09,2,2016-04-23,1.24005435744656,0.15,"ili perc","quantile"
"HHS Region 5",2016-04-09,2,2016-04-23,1.33176457051025,0.2,"ili perc","quantile"
"HHS Region 5",2016-04-09,2,2016-04-23,1.37049805917225,0.25,"ili perc","quantile"
"HHS Region 5",2016-04-09,2,2016-04-23,1.40245611950453,0.3,"ili perc","quantile"
"HHS Region 5",2016-04-09,2,2016-04-23,1.44138886729859,0.35,"ili perc","quantile"
"HHS Region 5",2016-04-09,2,2016-04-23,1.46717317258454,0.4,"ili perc","quantile"
"HHS Region 5",2016-04-09,2,2016-04-23,1.54390975162613,0.45,"ili perc","quantile"
"HHS Region 5",2016-04-09,2,2016-04-23,1.56070304682467,0.5,"ili perc","quantile"
"HHS Region 5",2016-04-09,2,2016-04-23,1.57492701787648,0.55,"ili perc","quantile"
"HHS Region 5",2016-04-09,2,2016-04-23,1.62495627465852,0.6,"ili perc","quantile"
"HHS Region 5",2016-04-09,2,2016-04-23,1.68266217254993,0.65,"ili perc","quantile"
"HHS Region 5",2016-04-09,2,2016-04-23,1.716540734253,0.7,"ili perc","quantile"
"HHS Region 5",2016-04-09,2,2016-04-23,1.80015668250578,0.75,"ili perc","quantile"
"HHS Region 5",2016-04-09,2,2016-04-23,1.86173761428685,0.8,"ili perc","quantile"
"HHS Region 5",2016-04-09,2,2016-04-23,2.00430956862945,0.85,"ili perc","quantile"
"HHS Region 5",2016-04-09,2,2016-04-23,2.35888033431508,0.9,"ili perc","quantile"
"HHS Region 5",2016-04-09,2,2016-04-23,2.59219811465453,0.95,"ili perc","quantile"
"HHS Region 5",2016-04-09,2,2016-04-23,2.84098387310381,0.975,"ili perc","quantile"
"HHS Region 5",2016-04-09,2,2016-04-23,3.29733378575409,0.99,"ili perc","quantile"
"HHS Region 5",2016-04-09,3,2016-04-30,0.784278519127325,0.01,"ili perc","quantile"
"HHS Region 5",2016-04-09,3,2016-04-30,0.830677826719846,0.025,"ili perc","quantile"
"HHS Region 5",2016-04-09,3,2016-04-30,0.951874772669778,0.05,"ili perc","quantile"
"HHS Region 5",2016-04-09,3,2016-04-30,1.03284546155426,0.1,"ili perc","quantile"
"HHS Region 5",2016-04-09,3,2016-04-30,1.10934562871552,0.15,"ili perc","quantile"
"HHS Region 5",2016-04-09,3,2016-04-30,1.14634632090129,0.2,"ili perc","quantile"
"HHS Region 5",2016-04-09,3,2016-04-30,1.25213363630691,0.25,"ili perc","quantile"
"HHS Region 5",2016-04-09,3,2016-04-30,1.38223000723365,0.3,"ili perc","quantile"
"HHS Region 5",2016-04-09,3,2016-04-30,1.4120999645502,0.35,"ili perc","quantile"
"HHS Region 5",2016-04-09,3,2016-04-30,1.46803942079051,0.4,"ili perc","quantile"
"HHS Region 5",2016-04-09,3,2016-04-30,1.5057048815946,0.45,"ili perc","quantile"
"HHS Region 5",2016-04-09,3,2016-04-30,1.55039203375884,0.5,"ili perc","quantile"
"HHS Region 5",2016-04-09,3,2016-04-30,1.59802585034028,0.55,"ili perc","quantile"
"HHS Region 5",2016-04-09,3,2016-04-30,1.64403207014463,0.6,"ili perc","quantile"
"HHS Region 5",2016-04-09,3,2016-04-30,1.70785006615383,0.65,"ili perc","quantile"
"HHS Region 5",2016-04-09,3,2016-04-30,1.7741809875544,0.7,"ili perc","quantile"
"HHS Region 5",2016-04-09,3,2016-04-30,1.841983338832,0.75,"ili perc","quantile"
"HHS Region 5",2016-04-09,3,2016-04-30,1.99462290945087,0.8,"ili perc","quantile"
"HHS Region 5",2016-04-09,3,2016-04-30,2.08721808500794,0.85,"ili perc","quantile"
"HHS Region 5",2016-04-09,3,2016-04-30,2.3034252703945,0.9,"ili perc","quantile"
"HHS Region 5",2016-04-09,3,2016-04-30,2.7675953410201,0.95,"ili perc","quantile"
"HHS Region 5",2016-04-09,3,2016-04-30,2.94024653144993,0.975,"ili perc","quantile"
"HHS Region 5",2016-04-09,3,2016-04-30,3.36190940643283,0.99,"ili perc","quantile"
"HHS Region 5",2016-04-09,4,2016-05-07,0.715278819476494,0.01,"ili perc","quantile"
"HHS Region 5",2016-04-09,4,2016-05-07,0.795400066891091,0.025,"ili perc","quantile"
"HHS Region 5",2016-04-09,4,2016-05-07,0.871176929799622,0.05,"ili perc","quantile"
"HHS Region 5",2016-04-09,4,2016-05-07,0.937740379619666,0.1,"ili perc","quantile"
"HHS Region 5",2016-04-09,4,2016-05-07,1.02385088080556,0.15,"ili perc","quantile"
"HHS Region 5",2016-04-09,4,2016-05-07,1.11515082123095,0.2,"ili perc","quantile"
"HHS Region 5",2016-04-09,4,2016-05-07,1.17764833041533,0.25,"ili perc","quantile"
"HHS Region 5",2016-04-09,4,2016-05-07,1.31371428772021,0.3,"ili perc","quantile"
"HHS Region 5",2016-04-09,4,2016-05-07,1.33822452884363,0.35,"ili perc","quantile"
"HHS Region 5",2016-04-09,4,2016-05-07,1.39809203912954,0.4,"ili perc","quantile"
"HHS Region 5",2016-04-09,4,2016-05-07,1.43746186308292,0.45,"ili perc","quantile"
"HHS Region 5",2016-04-09,4,2016-05-07,1.47438469966595,0.5,"ili perc","quantile"
"HHS Region 5",2016-04-09,4,2016-05-07,1.5692562534021,0.55,"ili perc","quantile"
"HHS Region 5",2016-04-09,4,2016-05-07,1.68181741766174,0.6,"ili perc","quantile"
"HHS Region 5",2016-04-09,4,2016-05-07,1.72565585926084,0.65,"ili perc","quantile"
"HHS Region 5",2016-04-09,4,2016-05-07,1.82168998612721,0.7,"ili perc","quantile"
"HHS Region 5",2016-04-09,4,2016-05-07,1.93208719577426,0.75,"ili perc","quantile"
"HHS Region 5",2016-04-09,4,2016-05-07,2.16542978103999,0.8,"ili perc","quantile"
"HHS Region 5",2016-04-09,4,2016-05-07,2.30791467648406,0.85,"ili perc","quantile"
"HHS Region 5",2016-04-09,4,2016-05-07,2.50331158890126,0.9,"ili perc","quantile"
"HHS Region 5",2016-04-09,4,2016-05-07,2.84385158171926,0.95,"ili perc","quantile"
"HHS Region 5",2016-04-09,4,2016-05-07,3.04083792296757,0.975,"ili perc","quantile"
"HHS Region 5",2016-04-09,4,2016-05-07,3.19647615786028,0.99,"ili perc","quantile"
"HHS Region 6",2016-04-09,1,2016-04-16,1.54192341974716,0.01,"ili perc","quantile"
"HHS Region 6",2016-04-09,1,2016-04-16,1.92249780413708,0.025,"ili perc","quantile"
"HHS Region 6",2016-04-09,1,2016-04-16,2.04534583556777,0.05,"ili perc","quantile"
"HHS Region 6",2016-04-09,1,2016-04-16,2.0682113805998,0.1,"ili perc","quantile"
"HHS Region 6",2016-04-09,1,2016-04-16,2.14753899798461,0.15,"ili perc","quantile"
"HHS Region 6",2016-04-09,1,2016-04-16,2.29923568322387,0.2,"ili perc","quantile"
"HHS Region 6",2016-04-09,1,2016-04-16,2.37309899802438,0.25,"ili perc","quantile"
"HHS Region 6",2016-04-09,1,2016-04-16,2.48210183255526,0.3,"ili perc","quantile"
"HHS Region 6",2016-04-09,1,2016-04-16,2.52133598935366,0.35,"ili perc","quantile"
"HHS Region 6",2016-04-09,1,2016-04-16,2.59826124193252,0.4,"ili perc","quantile"
"HHS Region 6",2016-04-09,1,2016-04-16,2.64394355749682,0.45,"ili perc","quantile"
"HHS Region 6",2016-04-09,1,2016-04-16,2.78165663363357,0.5,"ili perc","quantile"
"HHS Region 6",2016-04-09,1,2016-04-16,2.82980692022242,0.55,"ili perc","quantile"
"HHS Region 6",2016-04-09,1,2016-04-16,2.87294755504469,0.6,"ili perc","quantile"
"HHS Region 6",2016-04-09,1,2016-04-16,2.90821928326331,0.65,"ili perc","quantile"
"HHS Region 6",2016-04-09,1,2016-04-16,3.05082736167422,0.7,"ili perc","quantile"
"HHS Region 6",2016-04-09,1,2016-04-16,3.13348360024494,0.75,"ili perc","quantile"
"HHS Region 6",2016-04-09,1,2016-04-16,3.29944087286923,0.8,"ili perc","quantile"
"HHS Region 6",2016-04-09,1,2016-04-16,3.37747764162771,0.85,"ili perc","quantile"
"HHS Region 6",2016-04-09,1,2016-04-16,3.66851259263385,0.9,"ili perc","quantile"
"HHS Region 6",2016-04-09,1,2016-04-16,3.86026835962965,0.95,"ili perc","quantile"
"HHS Region 6",2016-04-09,1,2016-04-16,4.08041034823791,0.975,"ili perc","quantile"
"HHS Region 6",2016-04-09,1,2016-04-16,4.13131403840138,0.99,"ili perc","quantile"
"HHS Region 6",2016-04-09,2,2016-04-23,1.55466095613537,0.01,"ili perc","quantile"
"HHS Region 6",2016-04-09,2,2016-04-23,1.58853367541852,0.025,"ili perc","quantile"
"HHS Region 6",2016-04-09,2,2016-04-23,1.67903566267694,0.05,"ili perc","quantile"
"HHS Region 6",2016-04-09,2,2016-04-23,1.76561761372232,0.1,"ili perc","quantile"
"HHS Region 6",2016-04-09,2,2016-04-23,2.01875295075937,0.15,"ili perc","quantile"
"HHS Region 6",2016-04-09,2,2016-04-23,2.15955906988266,0.2,"ili perc","quantile"
"HHS Region 6",2016-04-09,2,2016-04-23,2.22307306308257,0.25,"ili perc","quantile"
"HHS Region 6",2016-04-09,2,2016-04-23,2.31980263632459,0.3,"ili perc","quantile"
"HHS Region 6",2016-04-09,2,2016-04-23,2.47843030288925,0.35,"ili perc","quantile"
"HHS Region 6",2016-04-09,2,2016-04-23,2.50116255214132,0.4,"ili perc","quantile"
"HHS Region 6",2016-04-09,2,2016-04-23,2.6049514937229,0.45,"ili perc","quantile"
"HHS Region 6",2016-04-09,2,2016-04-23,2.64529250936924,0.5,"ili perc","quantile"
"HHS Region 6",2016-04-09,2,2016-04-23,2.82563406462819,0.55,"ili perc","quantile"
"HHS Region 6",2016-04-09,2,2016-04-23,2.91736855338756,0.6,"ili perc","quantile"
"HHS Region 6",2016-04-09,2,2016-04-23,2.98438699774963,0.65,"ili perc","quantile"
"HHS Region 6",2016-04-09,2,2016-04-23,3.07874383883751,0.7,"ili perc","quantile"
"HHS Region 6",2016-04-09,2,2016-04-23,3.2548493298208,0.75,"ili perc","quantile"
"HHS Region 6",2016-04-09,2,2016-04-23,3.43940664274081,0.8,"ili perc","quantile"
"HHS Region 6",2016-04-09,2,2016-04-23,3.77921875285223,0.85,"ili perc","quantile"
"HHS Region 6",2016-04-09,2,2016-04-23,4.15773320061797,0.9,"ili perc","quantile"
"HHS Region 6",2016-04-09,2,2016-04-23,4.63371516011168,0.95,"ili perc","quantile"
"HHS Region 6",2016-04-09,2,2016-04-23,4.76640817115526,0.975,"ili perc","quantile"
"HHS Region 6",2016-04-09,2,2016-04-23,6.1759507591097,0.99,"ili perc","quantile"
"HHS Region 6",2016-04-09,3,2016-04-30,0.972012655628082,0.01,"ili perc","quantile"
"HHS Region 6",2016-04-09,3,2016-04-30,1.14404490806993,0.025,"ili perc","quantile"
"HHS Region 6",2016-04-09,3,2016-04-30,1.43547163138377,0.05,"ili perc","quantile"
"HHS Region 6",2016-04-09,3,2016-04-30,1.62912726893645,0.1,"ili perc","quantile"
"HHS Region 6",2016-04-09,3,2016-04-30,1.80108666990213,0.15,"ili perc","quantile"
"HHS Region 6",2016-04-09,3,2016-04-30,1.91559516409144,0.2,"ili perc","quantile"
"HHS Region 6",2016-04-09,3,2016-04-30,2.10648290632193,0.25,"ili perc","quantile"
"HHS Region 6",2016-04-09,3,2016-04-30,2.21812683136117,0.3,"ili perc","quantile"
"HHS Region 6",2016-04-09,3,2016-04-30,2.32856104939914,0.35,"ili perc","quantile"
"HHS Region 6",2016-04-09,3,2016-04-30,2.40437322744428,0.4,"ili perc","quantile"
"HHS Region 6",2016-04-09,3,2016-04-30,2.55705168571708,0.45,"ili perc","quantile"
"HHS Region 6",2016-04-09,3,2016-04-30,2.70867412336578,0.5,"ili perc","quantile"
"HHS Region 6",2016-04-09,3,2016-04-30,2.81848995378968,0.55,"ili perc","quantile"
"HHS Region 6",2016-04-09,3,2016-04-30,2.93532769929554,0.6,"ili perc","quantile"
"HHS Region 6",2016-04-09,3,2016-04-30,3.08969753814372,0.65,"ili perc","quantile"
"HHS Region 6",2016-04-09,3,2016-04-30,3.17985362198872,0.7,"ili perc","quantile"
"HHS Region 6",2016-04-09,3,2016-04-30,3.49823163970797,0.75,"ili perc","quantile"
"HHS Region 6",2016-04-09,3,2016-04-30,3.6781102783736,0.8,"ili perc","quantile"
"HHS Region 6",2016-04-09,3,2016-04-30,3.87459655157017,0.85,"ili perc","quantile"
"HHS Region 6",2016-04-09,3,2016-04-30,4.24736193251579,0.9,"ili perc","quantile"
"HHS Region 6",2016-04-09,3,2016-04-30,5.35885972410742,0.95,"ili perc","quantile"
"HHS Region 6",2016-04-09,3,2016-04-30,7.10868337573545,0.975,"ili perc","quantile"
"HHS Region 6",2016-04-09,3,2016-04-30,8.25693690887075,0.99,"ili perc","quantile"
"HHS Region 6",2016-04-09,4,2016-05-07,1.02416231725152,0.01,"ili perc","quantile"
"HHS Region 6",2016-04-09,4,2016-05-07,1.0726692549092,0.025,"ili perc","quantile"
"HHS Region 6",2016-04-09,4,2016-05-07,1.15434522824624,0.05,"ili perc","quantile"
"HHS Region 6",2016-04-09,4,2016-05-07,1.4251953507328,0.1,"ili perc","quantile"
"HHS Region 6",2016-04-09,4,2016-05-07,1.78264539672562,0.15,"ili perc","quantile"
"HHS Region 6",2016-04-09,4,2016-05-07,2.01064177554429,0.2,"ili perc","quantile"
"HHS Region 6",2016-04-09,4,2016-05-07,2.17119507652024,0.25,"ili perc","quantile"
"HHS Region 6",2016-04-09,4,2016-05-07,2.30374178941674,0.3,"ili perc","quantile"
"HHS Region 6",2016-04-09,4,2016-05-07,2.35798415991479,0.35,"ili perc","quantile"
"HHS Region 6",2016-04-09,4,2016-05-07,2.45986807592178,0.4,"ili perc","quantile"
"HHS Region 6",2016-04-09,4,2016-05-07,2.59270976135648,0.45,"ili perc","quantile"
"HHS Region 6",2016-04-09,4,2016-05-07,2.81250374275911,0.5,"ili perc","quantile"
"HHS Region 6",2016-04-09,4,2016-05-07,2.91880159319058,0.55,"ili perc","quantile"
"HHS Region 6",2016-04-09,4,2016-05-07,2.98986520028405,0.6,"ili perc","quantile"
"HHS Region 6",2016-04-09,4,2016-05-07,3.03559277420116,0.65,"ili perc","quantile"
"HHS Region 6",2016-04-09,4,2016-05-07,3.26062596185512,0.7,"ili perc","quantile"
"HHS Region 6",2016-04-09,4,2016-05-07,3.50565957387853,0.75,"ili perc","quantile"
"HHS Region 6",2016-04-09,4,2016-05-07,3.68544455174932,0.8,"ili perc","quantile"
"HHS Region 6",2016-04-09,4,2016-05-07,3.95530951207897,0.85,"ili perc","quantile"
"HHS Region 6",2016-04-09,4,2016-05-07,4.2879343229487,0.9,"ili perc","quantile"
"HHS Region 6",2016-04-09,4,2016-05-07,5.7471661101385,0.95,"ili perc","quantile"
"HHS Region 6",2016-04-09,4,2016-05-07,7.02037937737222,0.975,"ili perc","quantile"
"HHS Region 6",2016-04-09,4,2016-05-07,8.11794319915044,0.99,"ili perc","quantile"
"HHS Region 7",2016-04-09,1,2016-04-16,0.826611353030354,0.01,"ili perc","quantile"
"HHS Region 7",2016-04-09,1,2016-04-16,0.851534879125618,0.025,"ili perc","quantile"
"HHS Region 7",2016-04-09,1,2016-04-16,0.906589284762453,0.05,"ili perc","quantile"
"HHS Region 7",2016-04-09,1,2016-04-16,1.16285067123695,0.1,"ili perc","quantile"
"HHS Region 7",2016-04-09,1,2016-04-16,1.21975657818156,0.15,"ili perc","quantile"
"HHS Region 7",2016-04-09,1,2016-04-16,1.25462461307524,0.2,"ili perc","quantile"
"HHS Region 7",2016-04-09,1,2016-04-16,1.30614257779963,0.25,"ili perc","quantile"
"HHS Region 7",2016-04-09,1,2016-04-16,1.33049316510263,0.3,"ili perc","quantile"
"HHS Region 7",2016-04-09,1,2016-04-16,1.35195911130661,0.35,"ili perc","quantile"
"HHS Region 7",2016-04-09,1,2016-04-16,1.37384072916157,0.4,"ili perc","quantile"
"HHS Region 7",2016-04-09,1,2016-04-16,1.42895986464929,0.45,"ili perc","quantile"
"HHS Region 7",2016-04-09,1,2016-04-16,1.47619413936972,0.5,"ili perc","quantile"
"HHS Region 7",2016-04-09,1,2016-04-16,1.53693951861334,0.55,"ili perc","quantile"
"HHS Region 7",2016-04-09,1,2016-04-16,1.57991073896741,0.6,"ili perc","quantile"
"HHS Region 7",2016-04-09,1,2016-04-16,1.60472706794615,0.65,"ili perc","quantile"
"HHS Region 7",2016-04-09,1,2016-04-16,1.70138597373561,0.7,"ili perc","quantile"
"HHS Region 7",2016-04-09,1,2016-04-16,1.76999827348072,0.75,"ili perc","quantile"
"HHS Region 7",2016-04-09,1,2016-04-16,1.81062726958765,0.8,"ili perc","quantile"
"HHS Region 7",2016-04-09,1,2016-04-16,1.91389557743458,0.85,"ili perc","quantile"
"HHS Region 7",2016-04-09,1,2016-04-16,2.03545679301413,0.9,"ili perc","quantile"
"HHS Region 7",2016-04-09,1,2016-04-16,2.21871614277339,0.95,"ili perc","quantile"
"HHS Region 7",2016-04-09,1,2016-04-16,2.37215567026882,0.975,"ili perc","quantile"
"HHS Region 7",2016-04-09,1,2016-04-16,2.41352487063596,0.99,"ili perc","quantile"
"HHS Region 7",2016-04-09,2,2016-04-23,0.622643835774125,0.01,"ili perc","quantile"
"HHS Region 7",2016-04-09,2,2016-04-23,0.645457926975217,0.025,"ili perc","quantile"
"HHS Region 7",2016-04-09,2,2016-04-23,0.704674325499333,0.05,"ili perc","quantile"
"HHS Region 7",2016-04-09,2,2016-04-23,0.814045716069549,0.1,"ili perc","quantile"
"HHS Region 7",2016-04-09,2,2016-04-23,0.882993654571776,0.15,"ili perc","quantile"
"HHS Region 7",2016-04-09,2,2016-04-23,0.948901622126095,0.2,"ili perc","quantile"
"HHS Region 7",2016-04-09,2,2016-04-23,0.979040966533395,0.25,"ili perc","quantile"
"HHS Region 7",2016-04-09,2,2016-04-23,1.16097723888712,0.3,"ili perc","quantile"
"HHS Region 7",2016-04-09,2,2016-04-23,1.26349407990526,0.35,"ili perc","quantile"
"HHS Region 7",2016-04-09,2,2016-04-23,1.36571737163176,0.4,"ili perc","quantile"
"HHS Region 7",2016-04-09,2,2016-04-23,1.41558902311659,0.45,"ili perc","quantile"
"HHS Region 7",2016-04-09,2,2016-04-23,1.45469506335104,0.5,"ili perc","quantile"
"HHS Region 7",2016-04-09,2,2016-04-23,1.54754255876591,0.55,"ili perc","quantile"
"HHS Region 7",2016-04-09,2,2016-04-23,1.68033320207521,0.6,"ili perc","quantile"
"HHS Region 7",2016-04-09,2,2016-04-23,1.7766150968909,0.65,"ili perc","quantile"
"HHS Region 7",2016-04-09,2,2016-04-23,1.83710699984795,0.7,"ili perc","quantile"
"HHS Region 7",2016-04-09,2,2016-04-23,1.98630521107393,0.75,"ili perc","quantile"
"HHS Region 7",2016-04-09,2,2016-04-23,2.06726834282665,0.8,"ili perc","quantile"
"HHS Region 7",2016-04-09,2,2016-04-23,2.26245185047399,0.85,"ili perc","quantile"
"HHS Region 7",2016-04-09,2,2016-04-23,2.44988251663195,0.9,"ili perc","quantile"
"HHS Region 7",2016-04-09,2,2016-04-23,3.8624317581197,0.95,"ili perc","quantile"
"HHS Region 7",2016-04-09,2,2016-04-23,5.07316570033618,0.975,"ili perc","quantile"
"HHS Region 7",2016-04-09,2,2016-04-23,8.87020880012195,0.99,"ili perc","quantile"
"HHS Region 7",2016-04-09,3,2016-04-30,0.368840851654321,0.01,"ili perc","quantile"
"HHS Region 7",2016-04-09,3,2016-04-30,0.464077938477195,0.025,"ili perc","quantile"
"HHS Region 7",2016-04-09,3,2016-04-30,0.532783170264136,0.05,"ili perc","quantile"
"HHS Region 7",2016-04-09,3,2016-04-30,0.62626207997939,0.1,"ili perc","quantile"
"HHS Region 7",2016-04-09,3,2016-04-30,0.712678607316714,0.15,"ili perc","quantile"
"HHS Region 7",2016-04-09,3,2016-04-30,0.823915575939746,0.2,"ili perc","quantile"
"HHS Region 7",2016-04-09,3,2016-04-30,0.905674411089271,0.25,"ili perc","quantile"
"HHS Region 7",2016-04-09,3,2016-04-30,0.98561418955128,0.3,"ili perc","quantile"
"HHS Region 7",2016-04-09,3,2016-04-30,1.16864165847557,0.35,"ili perc","quantile"
"HHS Region 7",2016-04-09,3,2016-04-30,1.28190969308189,0.4,"ili perc","quantile"
"HHS Region 7",2016-04-09,3,2016-04-30,1.3783293848495,0.45,"ili perc","quantile"
"HHS Region 7",2016-04-09,3,2016-04-30,1.45034547958504,0.5,"ili perc","quantile"
"HHS Region 7",2016-04-09,3,2016-04-30,1.54232208356599,0.55,"ili perc","quantile"
"HHS Region 7",2016-04-09,3,2016-04-30,1.64993217375009,0.6,"ili perc","quantile"
"HHS Region 7",2016-04-09,3,2016-04-30,1.74131844903343,0.65,"ili perc","quantile"
"HHS Region 7",2016-04-09,3,2016-04-30,1.83007373335551,0.7,"ili perc","quantile"
"HHS Region 7",2016-04-09,3,2016-04-30,1.99968869989666,0.75,"ili perc","quantile"
"HHS Region 7",2016-04-09,3,2016-04-30,2.40478580096004,0.8,"ili perc","quantile"
"HHS Region 7",2016-04-09,3,2016-04-30,2.60034529290792,0.85,"ili perc","quantile"
"HHS Region 7",2016-04-09,3,2016-04-30,3.10890549906692,0.9,"ili perc","quantile"
"HHS Region 7",2016-04-09,3,2016-04-30,4.3316678410934,0.95,"ili perc","quantile"
"HHS Region 7",2016-04-09,3,2016-04-30,5.90662563432575,0.975,"ili perc","quantile"
"HHS Region 7",2016-04-09,3,2016-04-30,7.59573652535545,0.99,"ili perc","quantile"
"HHS Region 7",2016-04-09,4,2016-05-07,0.124867830902438,0.01,"ili perc","quantile"
"HHS Region 7",2016-04-09,4,2016-05-07,0.223503507241799,0.025,"ili perc","quantile"
"HHS Region 7",2016-04-09,4,2016-05-07,0.369776219391145,0.05,"ili perc","quantile"
"HHS Region 7",2016-04-09,4,2016-05-07,0.585151962181244,0.1,"ili perc","quantile"
"HHS Region 7",2016-04-09,4,2016-05-07,0.659909610663533,0.15,"ili perc","quantile"
"HHS Region 7",2016-04-09,4,2016-05-07,0.731103353027707,0.2,"ili perc","quantile"
"HHS Region 7",2016-04-09,4,2016-05-07,0.841444914730492,0.25,"ili perc","quantile"
"HHS Region 7",2016-04-09,4,2016-05-07,0.997455920671415,0.3,"ili perc","quantile"
"HHS Region 7",2016-04-09,4,2016-05-07,1.11359264816986,0.35,"ili perc","quantile"
"HHS Region 7",2016-04-09,4,2016-05-07,1.21913310902236,0.4,"ili perc","quantile"
"HHS Region 7",2016-04-09,4,2016-05-07,1.39405762691723,0.45,"ili perc","quantile"
"HHS Region 7",2016-04-09,4,2016-05-07,1.43586083326353,0.5,"ili perc","quantile"
"HHS Region 7",2016-04-09,4,2016-05-07,1.64238928864637,0.55,"ili perc","quantile"
"HHS Region 7",2016-04-09,4,2016-05-07,1.77871017695224,0.6,"ili perc","quantile"
"HHS Region 7",2016-04-09,4,2016-05-07,1.90162435893842,0.65,"ili perc","quantile"
"HHS Region 7",2016-04-09,4,2016-05-07,2.00937465763401,0.7,"ili perc","quantile"
"HHS Region 7",2016-04-09,4,2016-05-07,2.30471203840923,0.75,"ili perc","quantile"
"HHS Region 7",2016-04-09,4,2016-05-07,2.71814541249534,0.8,"ili perc","quantile"
"HHS Region 7",2016-04-09,4,2016-05-07,2.97562872215491,0.85,"ili perc","quantile"
"HHS Region 7",2016-04-09,4,2016-05-07,3.7816428473771,0.9,"ili perc","quantile"
"HHS Region 7",2016-04-09,4,2016-05-07,5.04753695630441,0.95,"ili perc","quantile"
"HHS Region 7",2016-04-09,4,2016-05-07,6.49453893431888,0.975,"ili perc","quantile"
"HHS Region 7",2016-04-09,4,2016-05-07,7.91738922271576,0.99,"ili perc","quantile"
"HHS Region 8",2016-04-09,1,2016-04-16,0.631331403966965,0.01,"ili perc","quantile"
"HHS Region 8",2016-04-09,1,2016-04-16,0.82608562817874,0.025,"ili perc","quantile"
"HHS Region 8",2016-04-09,1,2016-04-16,0.898471722322754,0.05,"ili perc","quantile"
"HHS Region 8",2016-04-09,1,2016-04-16,1.13954700811202,0.1,"ili perc","quantile"
"HHS Region 8",2016-04-09,1,2016-04-16,1.31446850966607,0.15,"ili perc","quantile"
"HHS Region 8",2016-04-09,1,2016-04-16,1.36735684563308,0.2,"ili perc","quantile"
"HHS Region 8",2016-04-09,1,2016-04-16,1.39067053492917,0.25,"ili perc","quantile"
"HHS Region 8",2016-04-09,1,2016-04-16,1.46541867769753,0.3,"ili perc","quantile"
"HHS Region 8",2016-04-09,1,2016-04-16,1.50860441694994,0.35,"ili perc","quantile"
"HHS Region 8",2016-04-09,1,2016-04-16,1.58413108376575,0.4,"ili perc","quantile"
"HHS Region 8",2016-04-09,1,2016-04-16,1.62638798825555,0.45,"ili perc","quantile"
"HHS Region 8",2016-04-09,1,2016-04-16,1.67787046644498,0.5,"ili perc","quantile"
"HHS Region 8",2016-04-09,1,2016-04-16,1.69223815233318,0.55,"ili perc","quantile"
"HHS Region 8",2016-04-09,1,2016-04-16,1.71503773437042,0.6,"ili perc","quantile"
"HHS Region 8",2016-04-09,1,2016-04-16,1.73954503500635,0.65,"ili perc","quantile"
"HHS Region 8",2016-04-09,1,2016-04-16,1.78822776548705,0.7,"ili perc","quantile"
"HHS Region 8",2016-04-09,1,2016-04-16,1.93176783718806,0.75,"ili perc","quantile"
"HHS Region 8",2016-04-09,1,2016-04-16,2.04802818991241,0.8,"ili perc","quantile"
"HHS Region 8",2016-04-09,1,2016-04-16,2.20649494974703,0.85,"ili perc","quantile"
"HHS Region 8",2016-04-09,1,2016-04-16,2.23666902563789,0.9,"ili perc","quantile"
"HHS Region 8",2016-04-09,1,2016-04-16,2.49733415177509,0.95,"ili perc","quantile"
"HHS Region 8",2016-04-09,1,2016-04-16,2.5945488699513,0.975,"ili perc","quantile"
"HHS Region 8",2016-04-09,1,2016-04-16,3.12502483289032,0.99,"ili perc","quantile"
"HHS Region 8",2016-04-09,2,2016-04-23,0.595776897027094,0.01,"ili perc","quantile"
"HHS Region 8",2016-04-09,2,2016-04-23,0.722038172991557,0.025,"ili perc","quantile"
"HHS Region 8",2016-04-09,2,2016-04-23,0.852806582279994,0.05,"ili perc","quantile"
"HHS Region 8",2016-04-09,2,2016-04-23,1.02755740786572,0.1,"ili perc","quantile"
"HHS Region 8",2016-04-09,2,2016-04-23,1.17064474548981,0.15,"ili perc","quantile"
"HHS Region 8",2016-04-09,2,2016-04-23,1.22540570890421,0.2,"ili perc","quantile"
"HHS Region 8",2016-04-09,2,2016-04-23,1.30435445185092,0.25,"ili perc","quantile"
"HHS Region 8",2016-04-09,2,2016-04-23,1.37406595637079,0.3,"ili perc","quantile"
"HHS Region 8",2016-04-09,2,2016-04-23,1.42656806975027,0.35,"ili perc","quantile"
"HHS Region 8",2016-04-09,2,2016-04-23,1.49397962512037,0.4,"ili perc","quantile"
"HHS Region 8",2016-04-09,2,2016-04-23,1.54914008810409,0.45,"ili perc","quantile"
"HHS Region 8",2016-04-09,2,2016-04-23,1.61084138742737,0.5,"ili perc","quantile"
"HHS Region 8",2016-04-09,2,2016-04-23,1.72823066131513,0.55,"ili perc","quantile"
"HHS Region 8",2016-04-09,2,2016-04-23,1.75657563502451,0.6,"ili perc","quantile"
"HHS Region 8",2016-04-09,2,2016-04-23,1.80407036720471,0.65,"ili perc","quantile"
"HHS Region 8",2016-04-09,2,2016-04-23,1.83355764854168,0.7,"ili perc","quantile"
"HHS Region 8",2016-04-09,2,2016-04-23,1.88596584351785,0.75,"ili perc","quantile"
"HHS Region 8",2016-04-09,2,2016-04-23,2.14736536972013,0.8,"ili perc","quantile"
"HHS Region 8",2016-04-09,2,2016-04-23,2.33829148977099,0.85,"ili perc","quantile"
"HHS Region 8",2016-04-09,2,2016-04-23,2.44460796291833,0.9,"ili perc","quantile"
"HHS Region 8",2016-04-09,2,2016-04-23,3.49522324187148,0.95,"ili perc","quantile"
"HHS Region 8",2016-04-09,2,2016-04-23,3.98054182925332,0.975,"ili perc","quantile"
"HHS Region 8",2016-04-09,2,2016-04-23,4.21700376421926,0.99,"ili perc","quantile"
"HHS Region 8",2016-04-09,3,2016-04-30,0.444233895317757,0.01,"ili perc","quantile"
"HHS Region 8",2016-04-09,3,2016-04-30,0.620885352908349,0.025,"ili perc","quantile"
"HHS Region 8",2016-04-09,3,2016-04-30,0.680348047868117,0.05,"ili perc","quantile"
"HHS Region 8",2016-04-09,3,2016-04-30,0.902967319443469,0.1,"ili perc","quantile"
"HHS Region 8",2016-04-09,3,2016-04-30,1.00391420452798,0.15,"ili perc","quantile"
"HHS Region 8",2016-04-09,3,2016-04-30,1.14669790782819,0.2,"ili perc","quantile"
"HHS Region 8",2016-04-09,3,2016-04-30,1.21758020828316,0.25,"ili perc","quantile"
"HHS Region 8",2016-04-09,3,2016-04-30,1.27869671101647,0.3,"ili perc","quantile"
"HHS Region 8",2016-04-09,3,2016-04-30,1.30496146576061,0.35,"ili perc","quantile"
"HHS Region 8",2016-04-09,3,2016-04-30,1.40814865824493,0.4,"ili perc","quantile"
"HHS Region 8",2016-04-09,3,2016-04-30,1.45282981363419,0.45,"ili perc","quantile"
"HHS Region 8",2016-04-09,3,2016-04-30,1.56810439043641,0.5,"ili perc","quantile"
"HHS Region 8",2016-04-09,3,2016-04-30,1.70423576928965,0.55,"ili perc","quantile"
"HHS Region 8",2016-04-09,3,2016-04-30,1.77325073974388,0.6,"ili perc","quantile"
"HHS Region 8",2016-04-09,3,2016-04-30,1.86518805533686,0.65,"ili perc","quantile"
"HHS Region 8",2016-04-09,3,2016-04-30,2.02427027509936,0.7,"ili perc","quantile"
"HHS Region 8",2016-04-09,3,2016-04-30,2.1568478445165,0.75,"ili perc","quantile"
"HHS Region 8",2016-04-09,3,2016-04-30,2.40184290414785,0.8,"ili perc","quantile"
"HHS Region 8",2016-04-09,3,2016-04-30,2.78667309008734,0.85,"ili perc","quantile"
"HHS Region 8",2016-04-09,3,2016-04-30,3.21049877152964,0.9,"ili perc","quantile"
"HHS Region 8",2016-04-09,3,2016-04-30,4.22057464843262,0.95,"ili perc","quantile"
"HHS Region 8",2016-04-09,3,2016-04-30,4.33026790477543,0.975,"ili perc","quantile"
"HHS Region 8",2016-04-09,3,2016-04-30,4.43266722610264,0.99,"ili perc","quantile"
"HHS Region 8",2016-04-09,4,2016-05-07,0.384921421634709,0.01,"ili perc","quantile"
"HHS Region 8",2016-04-09,4,2016-05-07,0.47071829044182,0.025,"ili perc","quantile"
"HHS Region 8",2016-04-09,4,2016-05-07,0.616892309206623,0.05,"ili perc","quantile"
"HHS Region 8",2016-04-09,4,2016-05-07,0.807713775151917,0.1,"ili perc","quantile"
"HHS Region 8",2016-04-09,4,2016-05-07,0.937809952969338,0.15,"ili perc","quantile"
"HHS Region 8",2016-04-09,4,2016-05-07,0.986246379894058,0.2,"ili perc","quantile"
"HHS Region 8",2016-04-09,4,2016-05-07,1.05805786857713,0.25,"ili perc","quantile"
"HHS Region 8",2016-04-09,4,2016-05-07,1.23645544594236,0.3,"ili perc","quantile"
"HHS Region 8",2016-04-09,4,2016-05-07,1.29792780738203,0.35,"ili perc","quantile"
"HHS Region 8",2016-04-09,4,2016-05-07,1.41211360261947,0.4,"ili perc","quantile"
"HHS Region 8",2016-04-09,4,2016-05-07,1.48550548143892,0.45,"ili perc","quantile"
"HHS Region 8",2016-04-09,4,2016-05-07,1.55545022570814,0.5,"ili perc","quantile"
"HHS Region 8",2016-04-09,4,2016-05-07,1.63686200258765,0.55,"ili perc","quantile"
"HHS Region 8",2016-04-09,4,2016-05-07,1.79535986015807,0.6,"ili perc","quantile"
"HHS Region 8",2016-04-09,4,2016-05-07,1.91310901209191,0.65,"ili perc","quantile"
"HHS Region 8",2016-04-09,4,2016-05-07,2.05528212536978,0.7,"ili perc","quantile"
"HHS Region 8",2016-04-09,4,2016-05-07,2.13451176340194,0.75,"ili perc","quantile"
"HHS Region 8",2016-04-09,4,2016-05-07,2.41418376944869,0.8,"ili perc","quantile"
"HHS Region 8",2016-04-09,4,2016-05-07,2.83767289894212,0.85,"ili perc","quantile"
"HHS Region 8",2016-04-09,4,2016-05-07,3.55830093491458,0.9,"ili perc","quantile"
"HHS Region 8",2016-04-09,4,2016-05-07,4.16329298905453,0.95,"ili perc","quantile"
"HHS Region 8",2016-04-09,4,2016-05-07,5.08613553365003,0.975,"ili perc","quantile"
"HHS Region 8",2016-04-09,4,2016-05-07,5.35540224895521,0.99,"ili perc","quantile"
"HHS Region 9",2016-04-09,1,2016-04-16,1.27572268641373,0.01,"ili perc","quantile"
"HHS Region 9",2016-04-09,1,2016-04-16,1.34761007439844,0.025,"ili perc","quantile"
"HHS Region 9",2016-04-09,1,2016-04-16,1.46383762679614,0.05,"ili perc","quantile"
"HHS Region 9",2016-04-09,1,2016-04-16,1.70902241585452,0.1,"ili perc","quantile"
"HHS Region 9",2016-04-09,1,2016-04-16,1.8469497414954,0.15,"ili perc","quantile"
"HHS Region 9",2016-04-09,1,2016-04-16,1.93962856386111,0.2,"ili perc","quantile"
"HHS Region 9",2016-04-09,1,2016-04-16,1.99502386028698,0.25,"ili perc","quantile"
"HHS Region 9",2016-04-09,1,2016-04-16,2.03910382508814,0.3,"ili perc","quantile"
"HHS Region 9",2016-04-09,1,2016-04-16,2.10358148160985,0.35,"ili perc","quantile"
"HHS Region 9",2016-04-09,1,2016-04-16,2.14421544506506,0.4,"ili perc","quantile"
"HHS Region 9",2016-04-09,1,2016-04-16,2.15845502999465,0.45,"ili perc","quantile"
"HHS Region 9",2016-04-09,1,2016-04-16,2.17905176502695,0.5,"ili perc","quantile"
"HHS Region 9",2016-04-09,1,2016-04-16,2.19873384454874,0.55,"ili perc","quantile"
"HHS Region 9",2016-04-09,1,2016-04-16,2.24197617377357,0.6,"ili perc","quantile"
"HHS Region 9",2016-04-09,1,2016-04-16,2.31393032120865,0.65,"ili perc","quantile"
"HHS Region 9",2016-04-09,1,2016-04-16,2.36955403176846,0.7,"ili perc","quantile"
"HHS Region 9",2016-04-09,1,2016-04-16,2.42261724852391,0.75,"ili perc","quantile"
"HHS Region 9",2016-04-09,1,2016-04-16,2.5356674014821,0.8,"ili perc","quantile"
"HHS Region 9",2016-04-09,1,2016-04-16,2.63215002033786,0.85,"ili perc","quantile"
"HHS Region 9",2016-04-09,1,2016-04-16,2.72846872458333,0.9,"ili perc","quantile"
"HHS Region 9",2016-04-09,1,2016-04-16,2.8376436798567,0.95,"ili perc","quantile"
"HHS Region 9",2016-04-09,1,2016-04-16,3.36927636530422,0.975,"ili perc","quantile"
"HHS Region 9",2016-04-09,1,2016-04-16,3.49259402280436,0.99,"ili perc","quantile"
"HHS Region 9",2016-04-09,2,2016-04-23,0.9390652111222,0.01,"ili perc","quantile"
"HHS Region 9",2016-04-09,2,2016-04-23,1.20972817058219,0.025,"ili perc","quantile"
"HHS Region 9",2016-04-09,2,2016-04-23,1.30722587986844,0.05,"ili perc","quantile"
"HHS Region 9",2016-04-09,2,2016-04-23,1.44389377005369,0.1,"ili perc","quantile"
"HHS Region 9",2016-04-09,2,2016-04-23,1.71348408625702,0.15,"ili perc","quantile"
"HHS Region 9",2016-04-09,2,2016-04-23,1.75720321856427,0.2,"ili perc","quantile"
"HHS Region 9",2016-04-09,2,2016-04-23,1.87693999170063,0.25,"ili perc","quantile"
"HHS Region 9",2016-04-09,2,2016-04-23,1.93658825928795,0.3,"ili perc","quantile"
"HHS Region 9",2016-04-09,2,2016-04-23,1.9950351196143,0.35,"ili perc","quantile"
"HHS Region 9",2016-04-09,2,2016-04-23,2.09361010889825,0.4,"ili perc","quantile"
"HHS Region 9",2016-04-09,2,2016-04-23,2.13547469048316,0.45,"ili perc","quantile"
"HHS Region 9",2016-04-09,2,2016-04-23,2.19658303019654,0.5,"ili perc","quantile"
"HHS Region 9",2016-04-09,2,2016-04-23,2.25442963007385,0.55,"ili perc","quantile"
"HHS Region 9",2016-04-09,2,2016-04-23,2.29534324790754,0.6,"ili perc","quantile"
"HHS Region 9",2016-04-09,2,2016-04-23,2.41237438113923,0.65,"ili perc","quantile"
"HHS Region 9",2016-04-09,2,2016-04-23,2.48590047746834,0.7,"ili perc","quantile"
"HHS Region 9",2016-04-09,2,2016-04-23,2.62113618571661,0.75,"ili perc","quantile"
"HHS Region 9",2016-04-09,2,2016-04-23,2.70735739054551,0.8,"ili perc","quantile"
"HHS Region 9",2016-04-09,2,2016-04-23,2.95600643030373,0.85,"ili perc","quantile"
"HHS Region 9",2016-04-09,2,2016-04-23,3.10762908138313,0.9,"ili perc","quantile"
"HHS Region 9",2016-04-09,2,2016-04-23,3.78753601682059,0.95,"ili perc","quantile"
"HHS Region 9",2016-04-09,2,2016-04-23,4.73683734111511,0.975,"ili perc","quantile"
"HHS Region 9",2016-04-09,2,2016-04-23,6.32687992293051,0.99,"ili perc","quantile"
"HHS Region 9",2016-04-09,3,2016-04-30,0.934781473138581,0.01,"ili perc","quantile"
"HHS Region 9",2016-04-09,3,2016-04-30,1.09007418406375,0.025,"ili perc","quantile"
"HHS Region 9",2016-04-09,3,2016-04-30,1.23106131401743,0.05,"ili perc","quantile"
"HHS Region 9",2016-04-09,3,2016-04-30,1.40789557128299,0.1,"ili perc","quantile"
"HHS Region 9",2016-04-09,3,2016-04-30,1.55791227307108,0.15,"ili perc","quantile"
"HHS Region 9",2016-04-09,3,2016-04-30,1.6230657937708,0.2,"ili perc","quantile"
"HHS Region 9",2016-04-09,3,2016-04-30,1.68945141364531,0.25,"ili perc","quantile"
"HHS Region 9",2016-04-09,3,2016-04-30,1.86027413165354,0.3,"ili perc","quantile"
"HHS Region 9",2016-04-09,3,2016-04-30,1.95034930343739,0.35,"ili perc","quantile"
"HHS Region 9",2016-04-09,3,2016-04-30,2.02428572582137,0.4,"ili perc","quantile"
"HHS Region 9",2016-04-09,3,2016-04-30,2.15705307761941,0.45,"ili perc","quantile"
"HHS Region 9",2016-04-09,3,2016-04-30,2.23713629116774,0.5,"ili perc","quantile"
"HHS Region 9",2016-04-09,3,2016-04-30,2.39379997830607,0.55,"ili perc","quantile"
"HHS Region 9",2016-04-09,3,2016-04-30,2.42219189613759,0.6,"ili perc","quantile"
"HHS Region 9",2016-04-09,3,2016-04-30,2.56974252647159,0.65,"ili perc","quantile"
"HHS Region 9",2016-04-09,3,2016-04-30,2.63758362120055,0.7,"ili perc","quantile"
"HHS Region 9",2016-04-09,3,2016-04-30,2.76715655925288,0.75,"ili perc","quantile"
"HHS Region 9",2016-04-09,3,2016-04-30,2.98798783662494,0.8,"ili perc","quantile"
"HHS Region 9",2016-04-09,3,2016-04-30,3.1189317904244,0.85,"ili perc","quantile"
"HHS Region 9",2016-04-09,3,2016-04-30,3.37304318495172,0.9,"ili perc","quantile"
"HHS Region 9",2016-04-09,3,2016-04-30,3.99737847795152,0.95,"ili perc","quantile"
"HHS Region 9",2016-04-09,3,2016-04-30,5.57990398754932,0.975,"ili perc","quantile"
"HHS Region 9",2016-04-09,3,2016-04-30,6.52013226451861,0.99,"ili perc","quantile"
"HHS Region 9",2016-04-09,4,2016-05-07,0.680351107362422,0.01,"ili perc","quantile"
"HHS Region 9",2016-04-09,4,2016-05-07,0.893923498432088,0.025,"ili perc","quantile"
"HHS Region 9",2016-04-09,4,2016-05-07,1.09583971159268,0.05,"ili perc","quantile"
"HHS Region 9",2016-04-09,4,2016-05-07,1.36401756495907,0.1,"ili perc","quantile"
"HHS Region 9",2016-04-09,4,2016-05-07,1.4434748193868,0.15,"ili perc","quantile"
"HHS Region 9",2016-04-09,4,2016-05-07,1.5185876861429,0.2,"ili perc","quantile"
"HHS Region 9",2016-04-09,4,2016-05-07,1.66668081061159,0.25,"ili perc","quantile"
"HHS Region 9",2016-04-09,4,2016-05-07,1.78501355306323,0.3,"ili perc","quantile"
"HHS Region 9",2016-04-09,4,2016-05-07,1.8744202338885,0.35,"ili perc","quantile"
"HHS Region 9",2016-04-09,4,2016-05-07,1.9831845934243,0.4,"ili perc","quantile"
"HHS Region 9",2016-04-09,4,2016-05-07,2.0758808727424,0.45,"ili perc","quantile"
"HHS Region 9",2016-04-09,4,2016-05-07,2.21069215219435,0.5,"ili perc","quantile"
"HHS Region 9",2016-04-09,4,2016-05-07,2.37194956140835,0.55,"ili perc","quantile"
"HHS Region 9",2016-04-09,4,2016-05-07,2.52222641068353,0.6,"ili perc","quantile"
"HHS Region 9",2016-04-09,4,2016-05-07,2.67374723121865,0.65,"ili perc","quantile"
"HHS Region 9",2016-04-09,4,2016-05-07,2.72758120310694,0.7,"ili perc","quantile"
"HHS Region 9",2016-04-09,4,2016-05-07,2.92201461637282,0.75,"ili perc","quantile"
"HHS Region 9",2016-04-09,4,2016-05-07,3.13445951794125,0.8,"ili perc","quantile"
"HHS Region 9",2016-04-09,4,2016-05-07,3.27532421459292,0.85,"ili perc","quantile"
"HHS Region 9",2016-04-09,4,2016-05-07,3.68431489135024,0.9,"ili perc","quantile"
"HHS Region 9",2016-04-09,4,2016-05-07,4.64125817269877,0.95,"ili perc","quantile"
"HHS Region 9",2016-04-09,4,2016-05-07,4.96847146881242,0.975,"ili perc","quantile"
"HHS Region 9",2016-04-09,4,2016-05-07,5.70912428781792,0.99,"ili perc","quantile"
"US National",2016-04-09,1,2016-04-16,1.57649083652842,0.01,"ili perc","quantile"
"US National",2016-04-09,1,2016-04-16,1.60472983970586,0.025,"ili perc","quantile"
"US National",2016-04-09,1,2016-04-16,1.70705843715576,0.05,"ili perc","quantile"
"US National",2016-04-09,1,2016-04-16,1.76031020996095,0.1,"ili perc","quantile"
"US National",2016-04-09,1,2016-04-16,1.798135514582,0.15,"ili perc","quantile"
"US National",2016-04-09,1,2016-04-16,1.86132377566773,0.2,"ili perc","quantile"
"US National",2016-04-09,1,2016-04-16,1.89445386286026,0.25,"ili perc","quantile"
"US National",2016-04-09,1,2016-04-16,1.90708661055618,0.3,"ili perc","quantile"
"US National",2016-04-09,1,2016-04-16,1.94113367594506,0.35,"ili perc","quantile"
"US National",2016-04-09,1,2016-04-16,1.97137854655225,0.4,"ili perc","quantile"
"US National",2016-04-09,1,2016-04-16,1.99663558292265,0.45,"ili perc","quantile"
"US National",2016-04-09,1,2016-04-16,2.01974635165808,0.5,"ili perc","quantile"
"US National",2016-04-09,1,2016-04-16,2.07279988013379,0.55,"ili perc","quantile"
"US National",2016-04-09,1,2016-04-16,2.11095000205279,0.6,"ili perc","quantile"
"US National",2016-04-09,1,2016-04-16,2.13282658907293,0.65,"ili perc","quantile"
"US National",2016-04-09,1,2016-04-16,2.15025349474559,0.7,"ili perc","quantile"
"US National",2016-04-09,1,2016-04-16,2.18204682484553,0.75,"ili perc","quantile"
"US National",2016-04-09,1,2016-04-16,2.21368544612513,0.8,"ili perc","quantile"
"US National",2016-04-09,1,2016-04-16,2.24158935482817,0.85,"ili perc","quantile"
"US National",2016-04-09,1,2016-04-16,2.33620118751226,0.9,"ili perc","quantile"
"US National",2016-04-09,1,2016-04-16,2.44746247339243,0.95,"ili perc","quantile"
"US National",2016-04-09,1,2016-04-16,2.62016055953377,0.975,"ili perc","quantile"
"US National",2016-04-09,1,2016-04-16,2.69070990641638,0.99,"ili perc","quantile"
"US National",2016-04-09,2,2016-04-23,1.11451425083238,0.01,"ili perc","quantile"
"US National",2016-04-09,2,2016-04-23,1.4731083468776,0.025,"ili perc","quantile"
"US National",2016-04-09,2,2016-04-23,1.51394495550022,0.05,"ili perc","quantile"
"US National",2016-04-09,2,2016-04-23,1.61648398586833,0.1,"ili perc","quantile"
"US National",2016-04-09,2,2016-04-23,1.67139849457138,0.15,"ili perc","quantile"
"US National",2016-04-09,2,2016-04-23,1.76334360263653,0.2,"ili perc","quantile"
"US National",2016-04-09,2,2016-04-23,1.81551206566096,0.25,"ili perc","quantile"
"US National",2016-04-09,2,2016-04-23,1.84829795650601,0.3,"ili perc","quantile"
"US National",2016-04-09,2,2016-04-23,1.90648497320321,0.35,"ili perc","quantile"
"US National",2016-04-09,2,2016-04-23,1.96661532215597,0.4,"ili perc","quantile"
"US National",2016-04-09,2,2016-04-23,1.99653805399895,0.45,"ili perc","quantile"
"US National",2016-04-09,2,2016-04-23,2.02483677816094,0.5,"ili perc","quantile"
"US National",2016-04-09,2,2016-04-23,2.05824721131831,0.55,"ili perc","quantile"
"US National",2016-04-09,2,2016-04-23,2.0853180178413,0.6,"ili perc","quantile"
"US National",2016-04-09,2,2016-04-23,2.14884143055874,0.65,"ili perc","quantile"
"US National",2016-04-09,2,2016-04-23,2.18600165323758,0.7,"ili perc","quantile"
"US National",2016-04-09,2,2016-04-23,2.26111038817976,0.75,"ili perc","quantile"
"US National",2016-04-09,2,2016-04-23,2.31672653910029,0.8,"ili perc","quantile"
"US National",2016-04-09,2,2016-04-23,2.34457825629762,0.85,"ili perc","quantile"
"US National",2016-04-09,2,2016-04-23,2.45923000320349,0.9,"ili perc","quantile"
"US National",2016-04-09,2,2016-04-23,2.59014608346778,0.95,"ili perc","quantile"
"US National",2016-04-09,2,2016-04-23,2.88889379393469,0.975,"ili perc","quantile"
"US National",2016-04-09,2,2016-04-23,3.12707796049643,0.99,"ili perc","quantile"
"US National",2016-04-09,3,2016-04-30,1.20059773418304,0.01,"ili perc","quantile"
"US National",2016-04-09,3,2016-04-30,1.301891992761,0.025,"ili perc","quantile"
"US National",2016-04-09,3,2016-04-30,1.41777082104584,0.05,"ili perc","quantile"
"US National",2016-04-09,3,2016-04-30,1.55072884823062,0.1,"ili perc","quantile"
"US National",2016-04-09,3,2016-04-30,1.6311545423999,0.15,"ili perc","quantile"
"US National",2016-04-09,3,2016-04-30,1.66951145861844,0.2,"ili perc","quantile"
"US National",2016-04-09,3,2016-04-30,1.73245482260826,0.25,"ili perc","quantile"
"US National",2016-04-09,3,2016-04-30,1.79232668734158,0.3,"ili perc","quantile"
"US National",2016-04-09,3,2016-04-30,1.83947221077355,0.35,"ili perc","quantile"
"US National",2016-04-09,3,2016-04-30,1.93232543280048,0.4,"ili perc","quantile"
"US National",2016-04-09,3,2016-04-30,2.02411108551128,0.45,"ili perc","quantile"
"US National",2016-04-09,3,2016-04-30,2.07621642394476,0.5,"ili perc","quantile"
"US National",2016-04-09,3,2016-04-30,2.13164580394577,0.55,"ili perc","quantile"
"US National",2016-04-09,3,2016-04-30,2.21187149636005,0.6,"ili perc","quantile"
"US National",2016-04-09,3,2016-04-30,2.2765333697572,0.65,"ili perc","quantile"
"US National",2016-04-09,3,2016-04-30,2.32424712314623,0.7,"ili perc","quantile"
"US National",2016-04-09,3,2016-04-30,2.37350190869083,0.75,"ili perc","quantile"
"US National",2016-04-09,3,2016-04-30,2.44577108624715,0.8,"ili perc","quantile"
"US National",2016-04-09,3,2016-04-30,2.49777710584461,0.85,"ili perc","quantile"
"US National",2016-04-09,3,2016-04-30,2.55687420755921,0.9,"ili perc","quantile"
"US National",2016-04-09,3,2016-04-30,2.8211547534554,0.95,"ili perc","quantile"
"US National",2016-04-09,3,2016-04-30,3.30388929808152,0.975,"ili perc","quantile"
"US National",2016-04-09,3,2016-04-30,3.37665469204968,0.99,"ili perc","quantile"
"US National",2016-04-09,4,2016-05-07,1.19670289068233,0.01,"ili perc","quantile"
"US National",2016-04-09,4,2016-05-07,1.27292633601374,0.025,"ili perc","quantile"
"US National",2016-04-09,4,2016-05-07,1.37056749878689,0.05,"ili perc","quantile"
"US National",2016-04-09,4,2016-05-07,1.43483341123526,0.1,"ili perc","quantile"
"US National",2016-04-09,4,2016-05-07,1.53812134951094,0.15,"ili perc","quantile"
"US National",2016-04-09,4,2016-05-07,1.61945442952685,0.2,"ili perc","quantile"
"US National",2016-04-09,4,2016-05-07,1.69383361942038,0.25,"ili perc","quantile"
"US National",2016-04-09,4,2016-05-07,1.76286459822481,0.3,"ili perc","quantile"
"US National",2016-04-09,4,2016-05-07,1.79866606170632,0.35,"ili perc","quantile"
"US National",2016-04-09,4,2016-05-07,1.89304940797178,0.4,"ili perc","quantile"
"US National",2016-04-09,4,2016-05-07,1.93953453198171,0.45,"ili perc","quantile"
"US National",2016-04-09,4,2016-05-07,2.00435990356085,0.5,"ili perc","quantile"
"US National",2016-04-09,4,2016-05-07,2.07361798835418,0.55,"ili perc","quantile"
"US National",2016-04-09,4,2016-05-07,2.132769582588,0.6,"ili perc","quantile"
"US National",2016-04-09,4,2016-05-07,2.21132306438722,0.65,"ili perc","quantile"
"US National",2016-04-09,4,2016-05-07,2.2599048714251,0.7,"ili perc","quantile"
"US National",2016-04-09,4,2016-05-07,2.35112682438148,0.75,"ili perc","quantile"
"US National",2016-04-09,4,2016-05-07,2.44197640433967,0.8,"ili perc","quantile"
"US National",2016-04-09,4,2016-05-07,2.55591129882638,0.85,"ili perc","quantile"
"US National",2016-04-09,4,2016-05-07,2.69544826137354,0.9,"ili perc","quantile"
"US National",2016-04-09,4,2016-05-07,3.11185490806607,0.95,"ili perc","quantile"
"US National",2016-04-09,4,2016-05-07,3.43114032722449,0.975,"ili perc","quantile"
"US National",2016-04-09,4,2016-05-07,3.65373641464146,0.99,"ili perc","quantile"
